0 0.5
0.125664 0.500031
0.251327 0.500062
0.376991 0.500094
0.502655 0.500125
0.628319 0.500156
0.753982 0.500187
0.879646 0.500218
1.00531 0.500249
1.13097 0.500281
1.25664 0.500312
1.3823 0.500343
1.50796 0.500374
1.63363 0.500405
1.75929 0.500437
1.88496 0.500468
2.01062 0.500499
2.13628 0.50053
2.26195 0.500561
2.38761 0.500593
2.51327 0.500624
2.63894 0.500655
2.7646 0.500686
2.89027 0.500717
3.01593 0.500749
3.14159 0.50078
3.26726 0.500811
3.39292 0.500842
3.51858 0.500874
3.64425 0.500905
3.76991 0.500936
3.89557 0.500967
4.02124 0.500998
4.1469 0.50103
4.27257 0.501061
4.39823 0.501092
4.52389 0.501123
4.64956 0.501155
4.77522 0.501186
4.90088 0.501217
5.02655 0.501248
5.15221 0.50128
5.27788 0.501311
5.40354 0.501342
5.5292 0.501373
5.65487 0.501405
5.78053 0.501436
5.90619 0.501467
6.03186 0.501498
6.15752 0.50153
6.28319 0.501561
6.40885 0.501592
6.53451 0.501623
6.66018 0.501655
6.78584 0.501686
6.9115 0.501717
7.03717 0.501749
7.16283 0.50178
7.28849 0.501811
7.41416 0.501842
7.53982 0.501874
7.66549 0.501905
7.79115 0.501936
7.91681 0.501968
8.04248 0.501999
8.16814 0.50203
8.2938 0.502061
8.41947 0.502093
8.54513 0.502124
8.6708 0.502155
8.79646 0.502187
8.92212 0.502218
9.04779 0.502249
9.17345 0.502281
9.29911 0.502312
9.42478 0.502343
9.55044 0.502375
9.67611 0.502406
9.80177 0.502437
9.92743 0.502468
10.0531 0.5025
10.1788 0.502531
10.3044 0.502562
10.4301 0.502594
10.5558 0.502625
10.6814 0.502656
10.8071 0.502688
10.9327 0.502719
11.0584 0.50275
11.1841 0.502782
11.3097 0.502813
11.4354 0.502845
11.5611 0.502876
11.6867 0.502907
11.8124 0.502939
11.9381 0.50297
12.0637 0.503001
12.1894 0.503033
12.315 0.503064
12.4407 0.503095
12.5664 0.503127
12.692 0.503158
12.8177 0.503189
12.9434 0.503221
13.069 0.503252
13.1947 0.503284
13.3204 0.503315
13.446 0.503346
13.5717 0.503378
13.6973 0.503409
13.823 0.50344
13.9487 0.503472
14.0743 0.503503
14.2 0.503535
14.3257 0.503566
14.4513 0.503597
14.577 0.503629
14.7027 0.50366
14.8283 0.503692
14.954 0.503723
15.0796 0.503754
15.2053 0.503786
15.331 0.503817
15.4566 0.503849
15.5823 0.50388
15.708 0.503911
15.8336 0.503943
15.9593 0.503974
16.085 0.504006
16.2106 0.504037
16.3363 0.504069
16.4619 0.5041
16.5876 0.504131
16.7133 0.504163
16.8389 0.504194
16.9646 0.504226
17.0903 0.504257
17.2159 0.504289
17.3416 0.50432
17.4673 0.504351
17.5929 0.504383
17.7186 0.504414
17.8442 0.504446
17.9699 0.504477
18.0956 0.504509
18.2212 0.50454
18.3469 0.504572
18.4726 0.504603
18.5982 0.504634
18.7239 0.504666
18.8496 0.504697
18.9752 0.504729
19.1009 0.50476
19.2265 0.504792
19.3522 0.504823
19.4779 0.504855
19.6035 0.504886
19.7292 0.504918
19.8549 0.504949
19.9805 0.504981
20.1062 0.505012
20.2319 0.505044
20.3575 0.505075
20.4832 0.505107
20.6088 0.505138
20.7345 0.50517
20.8602 0.505201
20.9858 0.505233
21.1115 0.505264
21.2372 0.505296
21.3628 0.505327
21.4885 0.505359
21.6142 0.50539
21.7398 0.505422
21.8655 0.505453
21.9911 0.505485
22.1168 0.505516
22.2425 0.505548
22.3681 0.505579
22.4938 0.505611
22.6195 0.505642
22.7451 0.505674
22.8708 0.505705
22.9965 0.505737
23.1221 0.505768
23.2478 0.5058
23.3734 0.505831
23.4991 0.505863
23.6248 0.505894
23.7504 0.505926
23.8761 0.505958
24.0018 0.505989
24.1274 0.506021
24.2531 0.506052
24.3788 0.506084
24.5044 0.506115
24.6301 0.506147
24.7558 0.506178
24.8814 0.50621
25.0071 0.506241
25.1327 0.506273
25.2584 0.506305
25.3841 0.506336
25.5097 0.506368
25.6354 0.506399
25.7611 0.506431
25.8867 0.506462
26.0124 0.506494
26.1381 0.506526
26.2637 0.506557
26.3894 0.506589
26.515 0.50662
26.6407 0.506652
26.7664 0.506683
26.892 0.506715
27.0177 0.506747
27.1434 0.506778
27.269 0.50681
27.3947 0.506841
27.5204 0.506873
27.646 0.506905
27.7717 0.506936
27.8973 0.506968
28.023 0.506999
28.1487 0.507031
28.2743 0.507063
28.4 0.507094
28.5257 0.507126
28.6513 0.507157
28.777 0.507189
28.9027 0.507221
29.0283 0.507252
29.154 0.507284
29.2796 0.507316
29.4053 0.507347
29.531 0.507379
29.6566 0.50741
29.7823 0.507442
29.908 0.507474
30.0336 0.507505
30.1593 0.507537
30.285 0.507569
30.4106 0.5076
30.5363 0.507632
30.6619 0.507664
30.7876 0.507695
30.9133 0.507727
31.0389 0.507759
31.1646 0.50779
31.2903 0.507822
31.4159 0.507854
31.5416 0.507885
31.6673 0.507917
31.7929 0.507949
31.9186 0.50798
32.0442 0.508012
32.1699 0.508044
32.2956 0.508075
32.4212 0.508107
32.5469 0.508139
32.6726 0.50817
32.7982 0.508202
32.9239 0.508234
33.0496 0.508265
33.1752 0.508297
33.3009 0.508329
33.4265 0.50836
33.5522 0.508392
33.6779 0.508424
33.8035 0.508455
33.9292 0.508487
34.0549 0.508519
34.1805 0.508551
34.3062 0.508582
34.4319 0.508614
34.5575 0.508646
34.6832 0.508677
34.8088 0.508709
34.9345 0.508741
35.0602 0.508772
35.1858 0.508804
35.3115 0.508836
35.4372 0.508868
35.5628 0.508899
35.6885 0.508931
35.8142 0.508963
35.9398 0.508995
36.0655 0.509026
36.1911 0.509058
36.3168 0.50909
36.4425 0.509121
36.5681 0.509153
36.6938 0.509185
36.8195 0.509217
36.9451 0.509248
37.0708 0.50928
37.1965 0.509312
37.3221 0.509344
37.4478 0.509375
37.5734 0.509407
37.6991 0.509439
37.8248 0.509471
37.9504 0.509502
38.0761 0.509534
38.2018 0.509566
38.3274 0.509598
38.4531 0.50963
38.5788 0.509661
38.7044 0.509693
38.8301 0.509725
38.9557 0.509757
39.0814 0.509788
39.2071 0.50982
39.3327 0.509852
39.4584 0.509884
39.5841 0.509916
39.7097 0.509947
39.8354 0.509979
39.9611 0.510011
40.0867 0.510043
40.2124 0.510075
40.338 0.510106
40.4637 0.510138
40.5894 0.51017
40.715 0.510202
40.8407 0.510234
40.9664 0.510265
41.092 0.510297
41.2177 0.510329
41.3434 0.510361
41.469 0.510393
41.5947 0.510424
41.7204 0.510456
41.846 0.510488
41.9717 0.51052
42.0973 0.510552
42.223 0.510584
42.3487 0.510615
42.4743 0.510647
42.6 0.510679
42.7257 0.510711
42.8513 0.510743
42.977 0.510775
43.1027 0.510806
43.2283 0.510838
43.354 0.51087
43.4796 0.510902
43.6053 0.510934
43.731 0.510966
43.8566 0.510998
43.9823 0.511029
44.108 0.511061
44.2336 0.511093
44.3593 0.511125
44.485 0.511157
44.6106 0.511189
44.7363 0.511221
44.8619 0.511252
44.9876 0.511284
45.1133 0.511316
45.2389 0.511348
45.3646 0.51138
45.4903 0.511412
45.6159 0.511444
45.7416 0.511476
45.8673 0.511507
45.9929 0.511539
46.1186 0.511571
46.2442 0.511603
46.3699 0.511635
46.4956 0.511667
46.6212 0.511699
46.7469 0.511731
46.8726 0.511763
46.9982 0.511795
47.1239 0.511826
47.2496 0.511858
47.3752 0.51189
47.5009 0.511922
47.6265 0.511954
47.7522 0.511986
47.8779 0.512018
48.0035 0.51205
48.1292 0.512082
48.2549 0.512114
48.3805 0.512146
48.5062 0.512178
48.6319 0.512209
48.7575 0.512241
48.8832 0.512273
49.0088 0.512305
49.1345 0.512337
49.2602 0.512369
49.3858 0.512401
49.5115 0.512433
49.6372 0.512465
49.7628 0.512497
49.8885 0.512529
50.0142 0.512561
50.1398 0.512593
50.2655 0.512625
50.3911 0.512657
50.5168 0.512689
50.6425 0.512721
50.7681 0.512753
50.8938 0.512785
51.0195 0.512817
51.1451 0.512848
51.2708 0.51288
51.3965 0.512912
51.5221 0.512944
51.6478 0.512976
51.7734 0.513008
51.8991 0.51304
52.0248 0.513072
52.1504 0.513104
52.2761 0.513136
52.4018 0.513168
52.5274 0.5132
52.6531 0.513232
52.7788 0.513264
52.9044 0.513296
53.0301 0.513328
53.1557 0.51336
53.2814 0.513392
53.4071 0.513424
53.5327 0.513456
53.6584 0.513488
53.7841 0.51352
53.9097 0.513552
54.0354 0.513584
54.1611 0.513616
54.2867 0.513648
54.4124 0.51368
54.538 0.513712
54.6637 0.513744
54.7894 0.513776
54.915 0.513808
55.0407 0.513841
55.1664 0.513873
55.292 0.513905
55.4177 0.513937
55.5434 0.513969
55.669 0.514001
55.7947 0.514033
55.9203 0.514065
56.046 0.514097
56.1717 0.514129
56.2973 0.514161
56.423 0.514193
56.5487 0.514225
56.6743 0.514257
56.8 0.514289
56.9257 0.514321
57.0513 0.514353
57.177 0.514385
57.3027 0.514417
57.4283 0.51445
57.554 0.514482
57.6796 0.514514
57.8053 0.514546
57.931 0.514578
58.0566 0.51461
58.1823 0.514642
58.308 0.514674
58.4336 0.514706
58.5593 0.514738
58.685 0.51477
58.8106 0.514802
58.9363 0.514835
59.0619 0.514867
59.1876 0.514899
59.3133 0.514931
59.4389 0.514963
59.5646 0.514995
59.6903 0.515027
59.8159 0.515059
59.9416 0.515091
60.0673 0.515123
