0 0
0.02 -6.60033e-07
0.04 -5.22792e-06
0.06 -1.74696e-05
0.08 -4.10002e-05
0.1 -7.92889e-05
0.12 -0.000135663
0.14 -0.000213312
0.16 -0.000315292
0.18 -0.00044453
0.2 -0.000603828
0.22 -0.000795866
0.24 -0.0010232
0.26 -0.00128829
0.28 -0.00159347
0.3 -0.00194095
0.32 -0.00233288
0.34 -0.00277128
0.36 -0.00325806
0.38 -0.00379508
0.4 -0.00438406
0.42 -0.00502665
0.44 -0.00572443
0.46 -0.00647888
0.48 -0.00729141
0.5 -0.00816332
0.52 -0.00909589
0.54 -0.0100903
0.56 -0.0111476
0.58 -0.0122689
0.6 -0.0134551
0.62 -0.0147072
0.64 -0.016026
0.66 -0.0174123
0.68 -0.0188668
0.7 -0.0203902
0.72 -0.0219831
0.74 -0.0236461
0.76 -0.0253797
0.78 -0.0271844
0.8 -0.0290605
0.82 -0.0310086
0.84 -0.0330289
0.86 -0.0351218
0.88 -0.0372874
0.9 -0.039526
0.92 -0.0418378
0.94 -0.0442229
0.96 -0.0466815
0.98 -0.0492135
1 -0.0518192
1.02 -0.0544984
1.04 -0.0572511
1.06 -0.0600774
1.08 -0.0629771
1.1 -0.0659502
1.12 -0.0689965
1.14 -0.0721159
1.16 -0.0753082
1.18 -0.0785732
1.2 -0.0819107
1.22 -0.0853206
1.24 -0.0888024
1.26 -0.0923561
1.28 -0.0959812
1.3 -0.0996775
1.32 -0.103445
1.34 -0.107282
1.36 -0.11119
1.38 -0.115168
1.4 -0.119215
1.42 -0.123331
1.44 -0.127516
1.46 -0.131769
1.48 -0.13609
1.5 -0.140478
1.52 -0.144933
1.54 -0.149455
1.56 -0.154042
1.58 -0.158695
1.6 -0.163414
1.62 -0.168197
1.64 -0.173044
1.66 -0.177954
1.68 -0.182928
1.7 -0.187965
1.72 -0.193063
1.74 -0.198223
1.76 -0.203444
1.78 -0.208726
1.8 -0.214068
1.82 -0.219469
1.84 -0.224929
1.86 -0.230448
1.88 -0.236025
1.9 -0.241659
1.92 -0.24735
1.94 -0.253097
1.96 -0.2589
1.98 -0.264758
2 -0.270671
2.02 -0.276637
2.04 -0.282658
2.06 -0.288732
2.08 -0.294858
2.1 -0.301036
2.12 -0.307265
2.14 -0.313546
2.16 -0.319876
2.18 -0.326257
2.2 -0.332687
2.22 -0.339165
2.24 -0.345692
2.26 -0.352267
2.28 -0.358888
2.3 -0.365557
2.32 -0.372271
2.34 -0.379031
2.36 -0.385836
2.38 -0.392686
2.4 -0.399579
2.42 -0.406517
2.44 -0.413497
2.46 -0.42052
2.48 -0.427585
2.5 -0.434691
2.52 -0.441839
2.54 -0.449027
2.56 -0.456255
2.58 -0.463522
2.6 -0.470829
2.62 -0.478175
2.64 -0.485558
2.66 -0.492979
2.68 -0.500438
2.7 -0.507933
2.72 -0.515464
2.74 -0.523032
2.76 -0.530634
2.78 -0.538272
2.8 -0.545944
2.82 -0.55365
2.84 -0.56139
2.86 -0.569163
2.88 -0.576969
2.9 -0.584807
2.92 -0.592677
2.94 -0.600578
2.96 -0.608511
2.98 -0.616474
3 -0.624468
3.02 -0.632491
3.04 -0.640544
3.06 -0.648626
3.08 -0.656737
3.1 -0.664875
3.12 -0.673042
3.14 -0.681237
3.16 -0.689458
3.18 -0.697707
3.2 -0.705982
3.22 -0.714283
3.24 -0.722609
3.26 -0.730961
3.28 -0.739339
3.3 -0.74774
3.32 -0.756167
3.34 -0.764617
3.36 -0.77309
3.38 -0.781588
3.4 -0.790108
3.42 -0.798651
3.44 -0.807216
3.46 -0.815803
3.48 -0.824412
3.5 -0.833043
3.52 -0.841694
3.54 -0.850367
3.56 -0.85906
3.58 -0.867773
3.6 -0.876506
3.62 -0.885259
3.64 -0.894032
3.66 -0.902823
3.68 -0.911633
3.7 -0.920462
3.72 -0.929309
3.74 -0.938174
3.76 -0.947057
3.78 -0.955958
3.8 -0.964875
3.82 -0.97381
3.84 -0.982761
3.86 -0.991729
3.88 -1.00071
3.9 -1.00971
3.92 -1.01873
3.94 -1.02776
3.96 -1.03681
3.98 -1.04587
4 -1.05495
4.02 -1.06404
4.04 -1.07314
4.06 -1.08226
4.08 -1.0914
4.1 -1.10055
4.12 -1.10971
4.14 -1.11888
4.16 -1.12807
4.18 -1.13727
4.2 -1.14649
4.22 -1.15571
4.24 -1.16495
4.26 -1.1742
4.28 -1.18347
4.3 -1.19274
4.32 -1.20203
4.34 -1.21133
4.36 -1.22064
4.38 -1.22996
4.4 -1.23929
4.42 -1.24863
4.44 -1.25798
4.46 -1.26735
4.48 -1.27672
4.5 -1.2861
4.52 -1.2955
4.54 -1.3049
4.56 -1.31432
4.58 -1.32374
4.6 -1.33317
4.62 -1.34261
4.64 -1.35206
4.66 -1.36152
4.68 -1.37099
4.7 -1.38047
4.72 -1.38995
4.74 -1.39945
4.76 -1.40895
4.78 -1.41846
4.8 -1.42798
4.82 -1.43751
4.84 -1.44704
4.86 -1.45658
4.88 -1.46613
4.9 -1.47569
4.92 -1.48525
4.94 -1.49483
4.96 -1.5044
4.98 -1.51399
5 -1.52358
5.02 -1.53318
5.04 -1.54279
5.06 -1.5524
5.08 -1.56202
5.1 -1.57164
5.12 -1.58127
5.14 -1.59091
5.16 -1.60056
5.18 -1.6102
5.2 -1.61986
5.22 -1.62952
5.24 -1.63919
5.26 -1.64886
5.28 -1.65854
5.3 -1.66822
5.32 -1.67791
5.34 -1.6876
5.36 -1.6973
5.38 -1.707
5.4 -1.71671
5.42 -1.72642
5.44 -1.73614
5.46 -1.74587
5.48 -1.75559
5.5 -1.76533
5.52 -1.77506
5.54 -1.7848
5.56 -1.79455
5.58 -1.8043
5.6 -1.81405
5.62 -1.82381
5.64 -1.83357
5.66 -1.84334
5.68 -1.85311
5.7 -1.86288
5.72 -1.87266
5.74 -1.88244
5.76 -1.89223
5.78 -1.90202
5.8 -1.91181
5.82 -1.9216
5.84 -1.9314
5.86 -1.94121
5.88 -1.95101
5.9 -1.96082
5.92 -1.97063
5.94 -1.98045
5.96 -1.99027
5.98 -2.00009
6 -2.00992
6.02 -2.01974
6.04 -2.02957
6.06 -2.03941
6.08 -2.04924
6.1 -2.05908
6.12 -2.06893
6.14 -2.07877
6.16 -2.08862
6.18 -2.09847
6.2 -2.10832
6.22 -2.11818
6.24 -2.12803
6.26 -2.13789
6.28 -2.14776
6.3 -2.15762
6.32 -2.16749
6.34 -2.17736
6.36 -2.18723
6.38 -2.1971
6.4 -2.20698
6.42 -2.21686
6.44 -2.22674
6.46 -2.23662
6.48 -2.2465
6.5 -2.25639
6.52 -2.26628
6.54 -2.27617
6.56 -2.28606
6.58 -2.29595
6.6 -2.30585
6.62 -2.31575
6.64 -2.32565
6.66 -2.33555
6.68 -2.34545
6.7 -2.35535
6.72 -2.36526
6.74 -2.37517
6.76 -2.38508
6.78 -2.39499
6.8 -2.4049
6.82 -2.41481
6.84 -2.42473
6.86 -2.43465
6.88 -2.44456
6.9 -2.45448
6.92 -2.46441
6.94 -2.47433
6.96 -2.48425
6.98 -2.49418
7 -2.5041
7.02 -2.51403
7.04 -2.52396
7.06 -2.53389
7.08 -2.54382
7.1 -2.55375
7.12 -2.56369
7.14 -2.57362
7.16 -2.58356
7.18 -2.5935
7.2 -2.60343
7.22 -2.61337
7.24 -2.62331
7.26 -2.63326
7.28 -2.6432
7.3 -2.65314
7.32 -2.66309
7.34 -2.67303
7.36 -2.68298
7.38 -2.69292
7.4 -2.70287
7.42 -2.71282
7.44 -2.72277
7.46 -2.73272
7.48 -2.74267
7.5 -2.75263
7.52 -2.76258
7.54 -2.77253
7.56 -2.78249
7.58 -2.79245
7.6 -2.8024
7.62 -2.81236
7.64 -2.82232
7.66 -2.83228
7.68 -2.84224
7.7 -2.8522
7.72 -2.86216
7.74 -2.87212
7.76 -2.88208
7.78 -2.89204
7.8 -2.90201
7.82 -2.91197
7.84 -2.92194
7.86 -2.9319
7.88 -2.94187
7.9 -2.95184
7.92 -2.9618
7.94 -2.97177
7.96 -2.98174
7.98 -2.99171
8 -3.00168
8.02 -3.01165
8.04 -3.02162
8.06 -3.03159
8.08 -3.04156
8.1 -3.05153
8.12 -3.06151
8.14 -3.07148
8.16 -3.08145
8.18 -3.09143
8.2 -3.1014
8.22 -3.11138
8.24 -3.12135
8.26 -3.13133
8.28 -3.1413
8.3 -3.15128
8.32 -3.16126
8.34 -3.17123
8.36 -3.18121
8.38 -3.19119
8.4 -3.20117
8.42 -3.21115
8.44 -3.22113
8.46 -3.23111
8.48 -3.24109
8.5 -3.25107
8.52 -3.26105
8.54 -3.27103
8.56 -3.28101
8.58 -3.29099
8.6 -3.30098
8.62 -3.31096
8.64 -3.32094
8.66 -3.33092
8.68 -3.34091
8.7 -3.35089
8.72 -3.36088
8.74 -3.37086
8.76 -3.38084
8.78 -3.39083
8.8 -3.40081
8.82 -3.4108
8.84 -3.42078
8.86 -3.43077
8.88 -3.44076
8.9 -3.45074
8.92 -3.46073
8.94 -3.47072
8.96 -3.4807
8.98 -3.49069
9 -3.50068
9.02 -3.51067
9.04 -3.52065
9.06 -3.53064
9.08 -3.54063
9.1 -3.55062
9.12 -3.56061
9.14 -3.5706
9.16 -3.58059
9.18 -3.59058
9.2 -3.60057
9.22 -3.61056
9.24 -3.62055
9.26 -3.63054
9.28 -3.64053
9.3 -3.65052
9.32 -3.66051
9.34 -3.6705
9.36 -3.68049
9.38 -3.69048
9.4 -3.70047
9.42 -3.71046
9.44 -3.72045
9.46 -3.73045
9.48 -3.74044
9.5 -3.75043
9.52 -3.76042
9.54 -3.77041
9.56 -3.78041
9.58 -3.7904
9.6 -3.80039
9.62 -3.81039
9.64 -3.82038
9.66 -3.83037
9.68 -3.84037
9.7 -3.85036
9.72 -3.86035
9.74 -3.87035
9.76 -3.88034
9.78 -3.89033
9.8 -3.90033
9.82 -3.91032
9.84 -3.92032
9.86 -3.93031
9.88 -3.9403
9.9 -3.9503
9.92 -3.96029
9.94 -3.97029
9.96 -3.98028
9.98 -3.99028
10 -4.00027
10.02 -4.01027
10.04 -4.02026
10.06 -4.03026
10.08 -4.04025
10.1 -4.05025
10.12 -4.06024
10.14 -4.07024
10.16 -4.08024
10.18 -4.09023
10.2 -4.10023
10.22 -4.11022
10.24 -4.12022
10.26 -4.13021
10.28 -4.14021
10.3 -4.15021
10.32 -4.1602
10.34 -4.1702
10.36 -4.1802
10.38 -4.19019
10.4 -4.20019
10.42 -4.21019
10.44 -4.22018
10.46 -4.23018
10.48 -4.24018
10.5 -4.25017
10.52 -4.26017
10.54 -4.27017
10.56 -4.28016
10.58 -4.29016
10.6 -4.30016
10.62 -4.31015
10.64 -4.32015
10.66 -4.33015
10.68 -4.34015
10.7 -4.35014
10.72 -4.36014
10.74 -4.37014
10.76 -4.38014
10.78 -4.39013
10.8 -4.40013
10.82 -4.41013
10.84 -4.42013
10.86 -4.43012
10.88 -4.44012
10.9 -4.45012
10.92 -4.46012
10.94 -4.47011
10.96 -4.48011
10.98 -4.49011
11 -4.50011
11.02 -4.51011
11.04 -4.5201
11.06 -4.5301
11.08 -4.5401
11.1 -4.5501
11.12 -4.5601
11.14 -4.5701
11.16 -4.58009
11.18 -4.59009
11.2 -4.60009
11.22 -4.61009
11.24 -4.62009
11.26 -4.63009
11.28 -4.64008
11.3 -4.65008
11.32 -4.66008
11.34 -4.67008
11.36 -4.68008
11.38 -4.69008
11.4 -4.70008
11.42 -4.71007
11.44 -4.72007
11.46 -4.73007
11.48 -4.74007
11.5 -4.75007
11.52 -4.76007
11.54 -4.77007
11.56 -4.78006
11.58 -4.79006
11.6 -4.80006
11.62 -4.81006
11.64 -4.82006
11.66 -4.83006
11.68 -4.84006
11.7 -4.85006
11.72 -4.86006
11.74 -4.87005
11.76 -4.88005
11.78 -4.89005
11.8 -4.90005
11.82 -4.91005
11.84 -4.92005
11.86 -4.93005
11.88 -4.94005
11.9 -4.95005
11.92 -4.96005
11.94 -4.97005
11.96 -4.98004
11.98 -4.99004
12 -5.00004
12.02 -5.01004
12.04 -5.02004
12.06 -5.03004
12.08 -5.04004
12.1 -5.05004
12.12 -5.06004
12.14 -5.07004
12.16 -5.08004
12.18 -5.09004
12.2 -5.10004
12.22 -5.11004
12.24 -5.12003
12.26 -5.13003
12.28 -5.14003
12.3 -5.15003
12.32 -5.16003
12.34 -5.17003
12.36 -5.18003
12.38 -5.19003
12.4 -5.20003
12.42 -5.21003
12.44 -5.22003
12.46 -5.23003
12.48 -5.24003
12.5 -5.25003
12.52 -5.26003
12.54 -5.27003
12.56 -5.28003
12.58 -5.29003
12.6 -5.30002
12.62 -5.31002
12.64 -5.32002
12.66 -5.33002
12.68 -5.34002
12.7 -5.35002
12.72 -5.36002
12.74 -5.37002
12.76 -5.38002
12.78 -5.39002
12.8 -5.40002
12.82 -5.41002
12.84 -5.42002
12.86 -5.43002
12.88 -5.44002
12.9 -5.45002
12.92 -5.46002
12.94 -5.47002
12.96 -5.48002
12.98 -5.49002
13 -5.50002
13.02 -5.51002
13.04 -5.52002
13.06 -5.53002
13.08 -5.54002
13.1 -5.55002
13.12 -5.56002
13.14 -5.57001
13.16 -5.58001
13.18 -5.59001
13.2 -5.60001
13.22 -5.61001
13.24 -5.62001
13.26 -5.63001
13.28 -5.64001
13.3 -5.65001
13.32 -5.66001
13.34 -5.67001
13.36 -5.68001
13.38 -5.69001
13.4 -5.70001
13.42 -5.71001
13.44 -5.72001
13.46 -5.73001
13.48 -5.74001
13.5 -5.75001
13.52 -5.76001
13.54 -5.77001
13.56 -5.78001
13.58 -5.79001
13.6 -5.80001
13.62 -5.81001
13.64 -5.82001
13.66 -5.83001
13.68 -5.84001
13.7 -5.85001
13.72 -5.86001
13.74 -5.87001
13.76 -5.88001
13.78 -5.89001
13.8 -5.90001
13.82 -5.91001
13.84 -5.92001
13.86 -5.93001
13.88 -5.94001
13.9 -5.95001
13.92 -5.96001
13.94 -5.97001
13.96 -5.98001
13.98 -5.99001
14 -6.00001
14.02 -6.01001
14.04 -6.02001
14.06 -6.03001
14.08 -6.04001
14.1 -6.05001
14.12 -6.06001
14.14 -6.07001
14.16 -6.08001
14.18 -6.09001
14.2 -6.10001
14.22 -6.11001
14.24 -6.12001
14.26 -6.13001
14.28 -6.14001
14.3 -6.15001
14.32 -6.16
14.34 -6.17
14.36 -6.18
14.38 -6.19
14.4 -6.2
14.42 -6.21
14.44 -6.22
14.46 -6.23
14.48 -6.24
14.5 -6.25
14.52 -6.26
14.54 -6.27
14.56 -6.28
14.58 -6.29
14.6 -6.3
14.62 -6.31
14.64 -6.32
14.66 -6.33
14.68 -6.34
14.7 -6.35
14.72 -6.36
14.74 -6.37
14.76 -6.38
14.78 -6.39
14.8 -6.4
14.82 -6.41
14.84 -6.42
14.86 -6.43
14.88 -6.44
14.9 -6.45
14.92 -6.46
14.94 -6.47
14.96 -6.48
14.98 -6.49
15 -6.5
15.02 -6.51
15.04 -6.52
15.06 -6.53
15.08 -6.54
15.1 -6.55
15.12 -6.56
15.14 -6.57
15.16 -6.58
15.18 -6.59
15.2 -6.6
15.22 -6.61
15.24 -6.62
15.26 -6.63
15.28 -6.64
15.3 -6.65
15.32 -6.66
15.34 -6.67
15.36 -6.68
15.38 -6.69
15.4 -6.7
15.42 -6.71
15.44 -6.72
15.46 -6.73
15.48 -6.74
15.5 -6.75
15.52 -6.76
15.54 -6.77
15.56 -6.78
15.58 -6.79
15.6 -6.8
15.62 -6.81
15.64 -6.82
15.66 -6.83
15.68 -6.84
15.7 -6.85
15.72 -6.86
15.74 -6.87
15.76 -6.88
15.78 -6.89
15.8 -6.9
15.82 -6.91
15.84 -6.92
15.86 -6.93
15.88 -6.94
15.9 -6.95
15.92 -6.96
15.94 -6.97
15.96 -6.98
15.98 -6.99
16 -7
16.02 -7.01
16.04 -7.02
16.06 -7.03
16.08 -7.04
16.1 -7.05
16.12 -7.06
16.14 -7.07
16.16 -7.08
16.18 -7.09
16.2 -7.1
16.22 -7.11
16.24 -7.12
16.26 -7.13
16.28 -7.14
16.3 -7.15
16.32 -7.16
16.34 -7.17
16.36 -7.18
16.38 -7.19
16.4 -7.2
16.42 -7.21
16.44 -7.22
16.46 -7.23
16.48 -7.24
16.5 -7.25
16.52 -7.26
16.54 -7.27
16.56 -7.28
16.58 -7.29
16.6 -7.3
16.62 -7.31
16.64 -7.32
16.66 -7.33
16.68 -7.34
16.7 -7.35
16.72 -7.36
16.74 -7.37
16.76 -7.38
16.78 -7.39
16.8 -7.4
16.82 -7.41
16.84 -7.42
16.86 -7.43
16.88 -7.44
16.9 -7.45
16.92 -7.46
16.94 -7.47
16.96 -7.48
16.98 -7.49
17 -7.5
17.02 -7.51
17.04 -7.52
17.06 -7.53
17.08 -7.54
17.1 -7.55
17.12 -7.56
17.14 -7.57
17.16 -7.58
17.18 -7.59
17.2 -7.6
17.22 -7.61
17.24 -7.62
17.26 -7.63
17.28 -7.64
17.3 -7.65
17.32 -7.66
17.34 -7.67
17.36 -7.68
17.38 -7.69
17.4 -7.7
17.42 -7.71
17.44 -7.72
17.46 -7.73
17.48 -7.74
17.5 -7.75
17.52 -7.76
17.54 -7.77
17.56 -7.78
17.58 -7.79
17.6 -7.8
17.62 -7.81
17.64 -7.82
17.66 -7.83
17.68 -7.84
17.7 -7.85
17.72 -7.86
17.74 -7.87
17.76 -7.88
17.78 -7.89
17.8 -7.9
17.82 -7.91
17.84 -7.92
17.86 -7.93
17.88 -7.94
17.9 -7.95
17.92 -7.96
17.94 -7.97
17.96 -7.98
17.98 -7.99
18 -8
18.02 -8.01
18.04 -8.02
18.06 -8.03
18.08 -8.04
18.1 -8.05
18.12 -8.06
18.14 -8.07
18.16 -8.08
18.18 -8.09
18.2 -8.1
18.22 -8.11
18.24 -8.12
18.26 -8.13
18.28 -8.14
18.3 -8.15
18.32 -8.16
18.34 -8.17
18.36 -8.18
18.38 -8.19
18.4 -8.2
18.42 -8.21
18.44 -8.22
18.46 -8.23
18.48 -8.24
18.5 -8.25
18.52 -8.26
18.54 -8.27
18.56 -8.28
18.58 -8.29
18.6 -8.3
18.62 -8.31
18.64 -8.32
18.66 -8.33
18.68 -8.34
18.7 -8.35
18.72 -8.36
18.74 -8.37
18.76 -8.38
18.78 -8.39
18.8 -8.4
18.82 -8.41
18.84 -8.42
18.86 -8.43
18.88 -8.44
18.9 -8.45
18.92 -8.46
18.94 -8.47
18.96 -8.48
18.98 -8.49
19 -8.5
19.02 -8.51
19.04 -8.52
19.06 -8.53
19.08 -8.54
19.1 -8.55
19.12 -8.56
19.14 -8.57
19.16 -8.58
19.18 -8.59
19.2 -8.6
19.22 -8.61
19.24 -8.62
19.26 -8.63
19.28 -8.64
19.3 -8.65
19.32 -8.66
19.34 -8.67
19.36 -8.68
19.38 -8.69
19.4 -8.7
19.42 -8.71
19.44 -8.72
19.46 -8.73
19.48 -8.74
19.5 -8.75
19.52 -8.76
19.54 -8.77
19.56 -8.78
19.58 -8.79
19.6 -8.8
19.62 -8.81
19.64 -8.82
19.66 -8.83
19.68 -8.84
19.7 -8.85
19.72 -8.86
19.74 -8.87
19.76 -8.88
19.78 -8.89
19.8 -8.9
19.82 -8.91
19.84 -8.92
19.86 -8.93
19.88 -8.94
19.9 -8.95
19.92 -8.96
19.94 -8.97
19.96 -8.98
19.98 -8.99
20 -9
20.02 -9.01


0 0
0.02 0.00399934
0.04 0.00799477
0.06 0.0119825
0.08 0.015959
0.1 0.0199207
0.12 0.0238643
0.14 0.0277867
0.16 0.0316847
0.18 0.0355555
0.2 0.0393962
0.22 0.0432041
0.24 0.0469768
0.26 0.0507117
0.28 0.0544065
0.3 0.058059
0.32 0.0616671
0.34 0.0652287
0.36 0.0687419
0.38 0.0722049
0.4 0.0756159
0.42 0.0789733
0.44 0.0822756
0.46 0.0855211
0.48 0.0887086
0.5 0.0918367
0.52 0.0949041
0.54 0.0979097
0.56 0.100852
0.58 0.103731
0.6 0.106545
0.62 0.109293
0.64 0.111974
0.66 0.114588
0.68 0.117133
0.7 0.11961
0.72 0.122017
0.74 0.124354
0.76 0.12662
0.78 0.128816
0.8 0.130939
0.82 0.132991
0.84 0.134971
0.86 0.136878
0.88 0.138713
0.9 0.140474
0.92 0.142162
0.94 0.143777
0.96 0.145319
0.98 0.146786
1 0.148181
1.02 0.149502
1.04 0.150749
1.06 0.151923
1.08 0.153023
1.1 0.15405
1.12 0.155004
1.14 0.155884
1.16 0.156692
1.18 0.157427
1.2 0.158089
1.22 0.158679
1.24 0.159198
1.26 0.159644
1.28 0.160019
1.3 0.160323
1.32 0.160555
1.34 0.160718
1.36 0.16081
1.38 0.160832
1.4 0.160785
1.42 0.160669
1.44 0.160484
1.46 0.160231
1.48 0.15991
1.5 0.159522
1.52 0.159067
1.54 0.158545
1.56 0.157958
1.58 0.157305
1.6 0.156586
1.62 0.155803
1.64 0.154956
1.66 0.154046
1.68 0.153072
1.7 0.152035
1.72 0.150937
1.74 0.149777
1.76 0.148556
1.78 0.147274
1.8 0.145932
1.82 0.144531
1.84 0.143071
1.86 0.141552
1.88 0.139975
1.9 0.138341
1.92 0.13665
1.94 0.134903
1.96 0.1331
1.98 0.131242
2 0.129329
2.02 0.127363
2.04 0.125342
2.06 0.123268
2.08 0.121142
2.1 0.118964
2.12 0.116735
2.14 0.114454
2.16 0.112124
2.18 0.109743
2.2 0.107313
2.22 0.104835
2.24 0.102308
2.26 0.0997335
2.28 0.0971118
2.3 0.0944435
2.32 0.0917291
2.34 0.088969
2.36 0.0861639
2.38 0.0833142
2.4 0.0804205
2.42 0.0774832
2.44 0.0745029
2.46 0.0714801
2.48 0.0684152
2.5 0.0653088
2.52 0.0621613
2.54 0.0589733
2.56 0.0557452
2.58 0.0524775
2.6 0.0491708
2.62 0.0458254
2.64 0.0424419
2.66 0.0390206
2.68 0.0355622
2.7 0.032067
2.72 0.0285356
2.74 0.0249683
2.76 0.0213656
2.78 0.017728
2.8 0.0140559
2.82 0.0103497
2.84 0.00660989
2.86 0.00283691
2.88 -0.000968821
2.9 -0.00480689
2.92 -0.00867687
2.94 -0.0125783
2.96 -0.0165109
2.98 -0.0204742
3 -0.0244677
3.02 -0.0284911
3.04 -0.0325439
3.06 -0.0366259
3.08 -0.0407365
3.1 -0.0448755
3.12 -0.0490424
3.14 -0.0532368
3.16 -0.0574584
3.18 -0.0617068
3.2 -0.0659817
3.22 -0.0702827
3.24 -0.0746094
3.26 -0.0789615
3.28 -0.0833386
3.3 -0.0877404
3.32 -0.0921665
3.34 -0.0966167
3.36 -0.10109
3.38 -0.105588
3.4 -0.110108
3.42 -0.114651
3.44 -0.119216
3.46 -0.123803
3.48 -0.128412
3.5 -0.133043
3.52 -0.137694
3.54 -0.142367
3.56 -0.14706
3.58 -0.151773
3.6 -0.156506
3.62 -0.161259
3.64 -0.166032
3.66 -0.170823
3.68 -0.175633
3.7 -0.180462
3.72 -0.185309
3.74 -0.190174
3.76 -0.195057
3.78 -0.199958
3.8 -0.204875
3.82 -0.20981
3.84 -0.214761
3.86 -0.219729
3.88 -0.224713
3.9 -0.229714
3.92 -0.23473
3.94 -0.239761
3.96 -0.244808
3.98 -0.24987
4 -0.254947
4.02 -0.260038
4.04 -0.265144
4.06 -0.270265
4.08 -0.275399
4.1 -0.280547
4.12 -0.285708
4.14 -0.290883
4.16 -0.296071
4.18 -0.301272
4.2 -0.306486
4.22 -0.311713
4.24 -0.316952
4.26 -0.322203
4.28 -0.327466
4.3 -0.332741
4.32 -0.338028
4.34 -0.343326
4.36 -0.348635
4.38 -0.353956
4.4 -0.359287
4.42 -0.36463
4.44 -0.369983
4.46 -0.375346
4.48 -0.38072
4.5 -0.386104
4.52 -0.391498
4.54 -0.396902
4.56 -0.402316
4.58 -0.407739
4.6 -0.413171
4.62 -0.418613
4.64 -0.424064
4.66 -0.429523
4.68 -0.434992
4.7 -0.440469
4.72 -0.445955
4.74 -0.451449
4.76 -0.456952
4.78 -0.462462
4.8 -0.467981
4.82 -0.473508
4.84 -0.479042
4.86 -0.484584
4.88 -0.490134
4.9 -0.495691
4.92 -0.501255
4.94 -0.506826
4.96 -0.512405
4.98 -0.51799
5 -0.523583
5.02 -0.529182
5.04 -0.534788
5.06 -0.5404
5.08 -0.546018
5.1 -0.551643
5.12 -0.557275
5.14 -0.562912
5.16 -0.568555
5.18 -0.574205
5.2 -0.57986
5.22 -0.58552
5.24 -0.591187
5.26 -0.596859
5.28 -0.602536
5.3 -0.608219
5.32 -0.613907
5.34 -0.619601
5.36 -0.625299
5.38 -0.631003
5.4 -0.636711
5.42 -0.642425
5.44 -0.648143
5.46 -0.653866
5.48 -0.659593
5.5 -0.665325
5.52 -0.671062
5.54 -0.676803
5.56 -0.682548
5.58 -0.688298
5.6 -0.694052
5.62 -0.69981
5.64 -0.705572
5.66 -0.711338
5.68 -0.717108
5.7 -0.722882
5.72 -0.72866
5.74 -0.734441
5.76 -0.740226
5.78 -0.746015
5.8 -0.751807
5.82 -0.757603
5.84 -0.763403
5.86 -0.769205
5.88 -0.775011
5.9 -0.780821
5.92 -0.786633
5.94 -0.792449
5.96 -0.798268
5.98 -0.80409
6 -0.809915
6.02 -0.815743
6.04 -0.821574
6.06 -0.827408
6.08 -0.833244
6.1 -0.839084
6.12 -0.844926
6.14 -0.850771
6.16 -0.856618
6.18 -0.862468
6.2 -0.868321
6.22 -0.874176
6.24 -0.880033
6.26 -0.885893
6.28 -0.891756
6.3 -0.897621
6.32 -0.903488
6.34 -0.909357
6.36 -0.915229
6.38 -0.921103
6.4 -0.926979
6.42 -0.932857
6.44 -0.938737
6.46 -0.944619
6.48 -0.950503
6.5 -0.95639
6.52 -0.962278
6.54 -0.968168
6.56 -0.97406
6.58 -0.979954
6.6 -0.98585
6.62 -0.991747
6.64 -0.997646
6.66 -1.00355
6.68 -1.00945
6.7 -1.01535
6.72 -1.02126
6.74 -1.02717
6.76 -1.03308
6.78 -1.03899
6.8 -1.0449
6.82 -1.05081
6.84 -1.05673
6.86 -1.06265
6.88 -1.06856
6.9 -1.07448
6.92 -1.08041
6.94 -1.08633
6.96 -1.09225
6.98 -1.09818
7 -1.1041
7.02 -1.11003
7.04 -1.11596
7.06 -1.12189
7.08 -1.12782
7.1 -1.13375
7.12 -1.13969
7.14 -1.14562
7.16 -1.15156
7.18 -1.1575
7.2 -1.16343
7.22 -1.16937
7.24 -1.17531
7.26 -1.18126
7.28 -1.1872
7.3 -1.19314
7.32 -1.19909
7.34 -1.20503
7.36 -1.21098
7.38 -1.21692
7.4 -1.22287
7.42 -1.22882
7.44 -1.23477
7.46 -1.24072
7.48 -1.24667
7.5 -1.25263
7.52 -1.25858
7.54 -1.26453
7.56 -1.27049
7.58 -1.27645
7.6 -1.2824
7.62 -1.28836
7.64 -1.29432
7.66 -1.30028
7.68 -1.30624
7.7 -1.3122
7.72 -1.31816
7.74 -1.32412
7.76 -1.33008
7.78 -1.33604
7.8 -1.34201
7.82 -1.34797
7.84 -1.35394
7.86 -1.3599
7.88 -1.36587
7.9 -1.37184
7.92 -1.3778
7.94 -1.38377
7.96 -1.38974
7.98 -1.39571
8 -1.40168
8.02 -1.40765
8.04 -1.41362
8.06 -1.41959
8.08 -1.42556
8.1 -1.43153
8.12 -1.43751
8.14 -1.44348
8.16 -1.44945
8.18 -1.45543
8.2 -1.4614
8.22 -1.46738
8.24 -1.47335
8.26 -1.47933
8.28 -1.4853
8.3 -1.49128
8.32 -1.49726
8.34 -1.50323
8.36 -1.50921
8.38 -1.51519
8.4 -1.52117
8.42 -1.52715
8.44 -1.53313
8.46 -1.53911
8.48 -1.54509
8.5 -1.55107
8.52 -1.55705
8.54 -1.56303
8.56 -1.56901
8.58 -1.57499
8.6 -1.58098
8.62 -1.58696
8.64 -1.59294
8.66 -1.59892
8.68 -1.60491
8.7 -1.61089
8.72 -1.61688
8.74 -1.62286
8.76 -1.62884
8.78 -1.63483
8.8 -1.64081
8.82 -1.6468
8.84 -1.65278
8.86 -1.65877
8.88 -1.66476
8.9 -1.67074
8.92 -1.67673
8.94 -1.68272
8.96 -1.6887
8.98 -1.69469
9 -1.70068
9.02 -1.70667
9.04 -1.71265
9.06 -1.71864
9.08 -1.72463
9.1 -1.73062
9.12 -1.73661
9.14 -1.7426
9.16 -1.74859
9.18 -1.75458
9.2 -1.76057
9.22 -1.76656
9.24 -1.77255
9.26 -1.77854
9.28 -1.78453
9.3 -1.79052
9.32 -1.79651
9.34 -1.8025
9.36 -1.80849
9.38 -1.81448
9.4 -1.82047
9.42 -1.82646
9.44 -1.83245
9.46 -1.83845
9.48 -1.84444
9.5 -1.85043
9.52 -1.85642
9.54 -1.86241
9.56 -1.86841
9.58 -1.8744
9.6 -1.88039
9.62 -1.88639
9.64 -1.89238
9.66 -1.89837
9.68 -1.90437
9.7 -1.91036
9.72 -1.91635
9.74 -1.92235
9.76 -1.92834
9.78 -1.93433
9.8 -1.94033
9.82 -1.94632
9.84 -1.95232
9.86 -1.95831
9.88 -1.9643
9.9 -1.9703
9.92 -1.97629
9.94 -1.98229
9.96 -1.98828
9.98 -1.99428
10 -2.00027
10.02 -2.00627
10.04 -2.01226
10.06 -2.01826
10.08 -2.02425
10.1 -2.03025
10.12 -2.03624
10.14 -2.04224
10.16 -2.04824
10.18 -2.05423
10.2 -2.06023
10.22 -2.06622
10.24 -2.07222
10.26 -2.07821
10.28 -2.08421
10.3 -2.09021
10.32 -2.0962
10.34 -2.1022
10.36 -2.1082
10.38 -2.11419
10.4 -2.12019
10.42 -2.12619
10.44 -2.13218
10.46 -2.13818
10.48 -2.14418
10.5 -2.15017
10.52 -2.15617
10.54 -2.16217
10.56 -2.16816
10.58 -2.17416
10.6 -2.18016
10.62 -2.18615
10.64 -2.19215
10.66 -2.19815
10.68 -2.20415
10.7 -2.21014
10.72 -2.21614
10.74 -2.22214
10.76 -2.22814
10.78 -2.23413
10.8 -2.24013
10.82 -2.24613
10.84 -2.25213
10.86 -2.25812
10.88 -2.26412
10.9 -2.27012
10.92 -2.27612
10.94 -2.28211
10.96 -2.28811
10.98 -2.29411
11 -2.30011
11.02 -2.30611
11.04 -2.3121
11.06 -2.3181
11.08 -2.3241
11.1 -2.3301
11.12 -2.3361
11.14 -2.3421
11.16 -2.34809
11.18 -2.35409
11.2 -2.36009
11.22 -2.36609
11.24 -2.37209
11.26 -2.37809
11.28 -2.38408
11.3 -2.39008
11.32 -2.39608
11.34 -2.40208
11.36 -2.40808
11.38 -2.41408
11.4 -2.42008
11.42 -2.42607
11.44 -2.43207
11.46 -2.43807
11.48 -2.44407
11.5 -2.45007
11.52 -2.45607
11.54 -2.46207
11.56 -2.46806
11.58 -2.47406
11.6 -2.48006
11.62 -2.48606
11.64 -2.49206
11.66 -2.49806
11.68 -2.50406
11.7 -2.51006
11.72 -2.51606
11.74 -2.52205
11.76 -2.52805
11.78 -2.53405
11.8 -2.54005
11.82 -2.54605
11.84 -2.55205
11.86 -2.55805
11.88 -2.56405
11.9 -2.57005
11.92 -2.57605
11.94 -2.58205
11.96 -2.58804
11.98 -2.59404
12 -2.60004
12.02 -2.60604
12.04 -2.61204
12.06 -2.61804
12.08 -2.62404
12.1 -2.63004
12.12 -2.63604
12.14 -2.64204
12.16 -2.64804
12.18 -2.65404
12.2 -2.66004
12.22 -2.66604
12.24 -2.67203
12.26 -2.67803
12.28 -2.68403
12.3 -2.69003
12.32 -2.69603
12.34 -2.70203
12.36 -2.70803
12.38 -2.71403
12.4 -2.72003
12.42 -2.72603
12.44 -2.73203
12.46 -2.73803
12.48 -2.74403
12.5 -2.75003
12.52 -2.75603
12.54 -2.76203
12.56 -2.76803
12.58 -2.77403
12.6 -2.78002
12.62 -2.78602
12.64 -2.79202
12.66 -2.79802
12.68 -2.80402
12.7 -2.81002
12.72 -2.81602
12.74 -2.82202
12.76 -2.82802
12.78 -2.83402
12.8 -2.84002
12.82 -2.84602
12.84 -2.85202
12.86 -2.85802
12.88 -2.86402
12.9 -2.87002
12.92 -2.87602
12.94 -2.88202
12.96 -2.88802
12.98 -2.89402
13 -2.90002
13.02 -2.90602
13.04 -2.91202
13.06 -2.91802
13.08 -2.92402
13.1 -2.93002
13.12 -2.93602
13.14 -2.94201
13.16 -2.94801
13.18 -2.95401
13.2 -2.96001
13.22 -2.96601
13.24 -2.97201
13.26 -2.97801
13.28 -2.98401
13.3 -2.99001
13.32 -2.99601
13.34 -3.00201
13.36 -3.00801
13.38 -3.01401
13.4 -3.02001
13.42 -3.02601
13.44 -3.03201
13.46 -3.03801
13.48 -3.04401
13.5 -3.05001
13.52 -3.05601
13.54 -3.06201
13.56 -3.06801
13.58 -3.07401
13.6 -3.08001
13.62 -3.08601
13.64 -3.09201
13.66 -3.09801
13.68 -3.10401
13.7 -3.11001
13.72 -3.11601
13.74 -3.12201
13.76 -3.12801
13.78 -3.13401
13.8 -3.14001
13.82 -3.14601
13.84 -3.15201
13.86 -3.15801
13.88 -3.16401
13.9 -3.17001
13.92 -3.17601
13.94 -3.18201
13.96 -3.18801
13.98 -3.19401
14 -3.20001
14.02 -3.20601
14.04 -3.21201
14.06 -3.21801
14.08 -3.22401
14.1 -3.23001
14.12 -3.23601
14.14 -3.24201
14.16 -3.24801
14.18 -3.25401
14.2 -3.26001
14.22 -3.26601
14.24 -3.27201
14.26 -3.27801
14.28 -3.28401
14.3 -3.29001
14.32 -3.296
14.34 -3.302
14.36 -3.308
14.38 -3.314
14.4 -3.32
14.42 -3.326
14.44 -3.332
14.46 -3.338
14.48 -3.344
14.5 -3.35
14.52 -3.356
14.54 -3.362
14.56 -3.368
14.58 -3.374
14.6 -3.38
14.62 -3.386
14.64 -3.392
14.66 -3.398
14.68 -3.404
14.7 -3.41
14.72 -3.416
14.74 -3.422
14.76 -3.428
14.78 -3.434
14.8 -3.44
14.82 -3.446
14.84 -3.452
14.86 -3.458
14.88 -3.464
14.9 -3.47
14.92 -3.476
14.94 -3.482
14.96 -3.488
14.98 -3.494
15 -3.5
15.02 -3.506
15.04 -3.512
15.06 -3.518
15.08 -3.524
15.1 -3.53
15.12 -3.536
15.14 -3.542
15.16 -3.548
15.18 -3.554
15.2 -3.56
15.22 -3.566
15.24 -3.572
15.26 -3.578
15.28 -3.584
15.3 -3.59
15.32 -3.596
15.34 -3.602
15.36 -3.608
15.38 -3.614
15.4 -3.62
15.42 -3.626
15.44 -3.632
15.46 -3.638
15.48 -3.644
15.5 -3.65
15.52 -3.656
15.54 -3.662
15.56 -3.668
15.58 -3.674
15.6 -3.68
15.62 -3.686
15.64 -3.692
15.66 -3.698
15.68 -3.704
15.7 -3.71
15.72 -3.716
15.74 -3.722
15.76 -3.728
15.78 -3.734
15.8 -3.74
15.82 -3.746
15.84 -3.752
15.86 -3.758
15.88 -3.764
15.9 -3.77
15.92 -3.776
15.94 -3.782
15.96 -3.788
15.98 -3.794
16 -3.8
16.02 -3.806
16.04 -3.812
16.06 -3.818
16.08 -3.824
16.1 -3.83
16.12 -3.836
16.14 -3.842
16.16 -3.848
16.18 -3.854
16.2 -3.86
16.22 -3.866
16.24 -3.872
16.26 -3.878
16.28 -3.884
16.3 -3.89
16.32 -3.896
16.34 -3.902
16.36 -3.908
16.38 -3.914
16.4 -3.92
16.42 -3.926
16.44 -3.932
16.46 -3.938
16.48 -3.944
16.5 -3.95
16.52 -3.956
16.54 -3.962
16.56 -3.968
16.58 -3.974
16.6 -3.98
16.62 -3.986
16.64 -3.992
16.66 -3.998
16.68 -4.004
16.7 -4.01
16.72 -4.016
16.74 -4.022
16.76 -4.028
16.78 -4.034
16.8 -4.04
16.82 -4.046
16.84 -4.052
16.86 -4.058
16.88 -4.064
16.9 -4.07
16.92 -4.076
16.94 -4.082
16.96 -4.088
16.98 -4.094
17 -4.1
17.02 -4.106
17.04 -4.112
17.06 -4.118
17.08 -4.124
17.1 -4.13
17.12 -4.136
17.14 -4.142
17.16 -4.148
17.18 -4.154
17.2 -4.16
17.22 -4.166
17.24 -4.172
17.26 -4.178
17.28 -4.184
17.3 -4.19
17.32 -4.196
17.34 -4.202
17.36 -4.208
17.38 -4.214
17.4 -4.22
17.42 -4.226
17.44 -4.232
17.46 -4.238
17.48 -4.244
17.5 -4.25
17.52 -4.256
17.54 -4.262
17.56 -4.268
17.58 -4.274
17.6 -4.28
17.62 -4.286
17.64 -4.292
17.66 -4.298
17.68 -4.304
17.7 -4.31
17.72 -4.316
17.74 -4.322
17.76 -4.328
17.78 -4.334
17.8 -4.34
17.82 -4.346
17.84 -4.352
17.86 -4.358
17.88 -4.364
17.9 -4.37
17.92 -4.376
17.94 -4.382
17.96 -4.388
17.98 -4.394
18 -4.4
18.02 -4.406
18.04 -4.412
18.06 -4.418
18.08 -4.424
18.1 -4.43
18.12 -4.436
18.14 -4.442
18.16 -4.448
18.18 -4.454
18.2 -4.46
18.22 -4.466
18.24 -4.472
18.26 -4.478
18.28 -4.484
18.3 -4.49
18.32 -4.496
18.34 -4.502
18.36 -4.508
18.38 -4.514
18.4 -4.52
18.42 -4.526
18.44 -4.532
18.46 -4.538
18.48 -4.544
18.5 -4.55
18.52 -4.556
18.54 -4.562
18.56 -4.568
18.58 -4.574
18.6 -4.58
18.62 -4.586
18.64 -4.592
18.66 -4.598
18.68 -4.604
18.7 -4.61
18.72 -4.616
18.74 -4.622
18.76 -4.628
18.78 -4.634
18.8 -4.64
18.82 -4.646
18.84 -4.652
18.86 -4.658
18.88 -4.664
18.9 -4.67
18.92 -4.676
18.94 -4.682
18.96 -4.688
18.98 -4.694
19 -4.7
19.02 -4.706
19.04 -4.712
19.06 -4.718
19.08 -4.724
19.1 -4.73
19.12 -4.736
19.14 -4.742
19.16 -4.748
19.18 -4.754
19.2 -4.76
19.22 -4.766
19.24 -4.772
19.26 -4.778
19.28 -4.784
19.3 -4.79
19.32 -4.796
19.34 -4.802
19.36 -4.808
19.38 -4.814
19.4 -4.82
19.42 -4.826
19.44 -4.832
19.46 -4.838
19.48 -4.844
19.5 -4.85
19.52 -4.856
19.54 -4.862
19.56 -4.868
19.58 -4.874
19.6 -4.88
19.62 -4.886
19.64 -4.892
19.66 -4.898
19.68 -4.904
19.7 -4.91
19.72 -4.916
19.74 -4.922
19.76 -4.928
19.78 -4.934
19.8 -4.94
19.82 -4.946
19.84 -4.952
19.86 -4.958
19.88 -4.964
19.9 -4.97
19.92 -4.976
19.94 -4.982
19.96 -4.988
19.98 -4.994
20 -5
20.02 -5.006


0 0
0.02 0.00799934
0.04 0.0159948
0.06 0.0239825
0.08 0.031959
0.1 0.0399207
0.12 0.0478643
0.14 0.0557867
0.16 0.0636847
0.18 0.0715555
0.2 0.0793962
0.22 0.0872041
0.24 0.0949768
0.26 0.102712
0.28 0.110407
0.3 0.118059
0.32 0.125667
0.34 0.133229
0.36 0.140742
0.38 0.148205
0.4 0.155616
0.42 0.162973
0.44 0.170276
0.46 0.177521
0.48 0.184709
0.5 0.191837
0.52 0.198904
0.54 0.20591
0.56 0.212852
0.58 0.219731
0.6 0.226545
0.62 0.233293
0.64 0.239974
0.66 0.246588
0.68 0.253133
0.7 0.25961
0.72 0.266017
0.74 0.272354
0.76 0.27862
0.78 0.284816
0.8 0.290939
0.82 0.296991
0.84 0.302971
0.86 0.308878
0.88 0.314713
0.9 0.320474
0.92 0.326162
0.94 0.331777
0.96 0.337319
0.98 0.342786
1 0.348181
1.02 0.353502
1.04 0.358749
1.06 0.363923
1.08 0.369023
1.1 0.37405
1.12 0.379004
1.14 0.383884
1.16 0.388692
1.18 0.393427
1.2 0.398089
1.22 0.402679
1.24 0.407198
1.26 0.411644
1.28 0.416019
1.3 0.420323
1.32 0.424555
1.34 0.428718
1.36 0.43281
1.38 0.436832
1.4 0.440785
1.42 0.444669
1.44 0.448484
1.46 0.452231
1.48 0.45591
1.5 0.459522
1.52 0.463067
1.54 0.466545
1.56 0.469958
1.58 0.473305
1.6 0.476586
1.62 0.479803
1.64 0.482956
1.66 0.486046
1.68 0.489072
1.7 0.492035
1.72 0.494937
1.74 0.497777
1.76 0.500556
1.78 0.503274
1.8 0.505932
1.82 0.508531
1.84 0.511071
1.86 0.513552
1.88 0.515975
1.9 0.518341
1.92 0.52065
1.94 0.522903
1.96 0.5251
1.98 0.527242
2 0.529329
2.02 0.531363
2.04 0.533342
2.06 0.535268
2.08 0.537142
2.1 0.538964
2.12 0.540735
2.14 0.542454
2.16 0.544124
2.18 0.545743
2.2 0.547313
2.22 0.548835
2.24 0.550308
2.26 0.551733
2.28 0.553112
2.3 0.554443
2.32 0.555729
2.34 0.556969
2.36 0.558164
2.38 0.559314
2.4 0.560421
2.42 0.561483
2.44 0.562503
2.46 0.56348
2.48 0.564415
2.5 0.565309
2.52 0.566161
2.54 0.566973
2.56 0.567745
2.58 0.568478
2.6 0.569171
2.62 0.569825
2.64 0.570442
2.66 0.571021
2.68 0.571562
2.7 0.572067
2.72 0.572536
2.74 0.572968
2.76 0.573366
2.78 0.573728
2.8 0.574056
2.82 0.57435
2.84 0.57461
2.86 0.574837
2.88 0.575031
2.9 0.575193
2.92 0.575323
2.94 0.575422
2.96 0.575489
2.98 0.575526
3 0.575532
3.02 0.575509
3.04 0.575456
3.06 0.575374
3.08 0.575263
3.1 0.575125
3.12 0.574958
3.14 0.574763
3.16 0.574542
3.18 0.574293
3.2 0.574018
3.22 0.573717
3.24 0.573391
3.26 0.573039
3.28 0.572661
3.3 0.57226
3.32 0.571833
3.34 0.571383
3.36 0.57091
3.38 0.570412
3.4 0.569892
3.42 0.569349
3.44 0.568784
3.46 0.568197
3.48 0.567588
3.5 0.566957
3.52 0.566306
3.54 0.565633
3.56 0.56494
3.58 0.564227
3.6 0.563494
3.62 0.562741
3.64 0.561968
3.66 0.561177
3.68 0.560367
3.7 0.559538
3.72 0.558691
3.74 0.557826
3.76 0.556943
3.78 0.556042
3.8 0.555125
3.82 0.55419
3.84 0.553239
3.86 0.552271
3.88 0.551287
3.9 0.550286
3.92 0.54927
3.94 0.548239
3.96 0.547192
3.98 0.54613
4 0.545053
4.02 0.543962
4.04 0.542856
4.06 0.541735
4.08 0.540601
4.1 0.539453
4.12 0.538292
4.14 0.537117
4.16 0.535929
4.18 0.534728
4.2 0.533514
4.22 0.532287
4.24 0.531048
4.26 0.529797
4.28 0.528534
4.3 0.527259
4.32 0.525972
4.34 0.524674
4.36 0.523365
4.38 0.522044
4.4 0.520713
4.42 0.51937
4.44 0.518017
4.46 0.516654
4.48 0.51528
4.5 0.513896
4.52 0.512502
4.54 0.511098
4.56 0.509684
4.58 0.508261
4.6 0.506829
4.62 0.505387
4.64 0.503936
4.66 0.502477
4.68 0.501008
4.7 0.499531
4.72 0.498045
4.74 0.496551
4.76 0.495048
4.78 0.493538
4.8 0.492019
4.82 0.490492
4.84 0.488958
4.86 0.487416
4.88 0.485866
4.9 0.484309
4.92 0.482745
4.94 0.481174
4.96 0.479595
4.98 0.47801
5 0.476417
5.02 0.474818
5.04 0.473212
5.06 0.4716
5.08 0.469982
5.1 0.468357
5.12 0.466725
5.14 0.465088
5.16 0.463445
5.18 0.461795
5.2 0.46014
5.22 0.45848
5.24 0.456813
5.26 0.455141
5.28 0.453464
5.3 0.451781
5.32 0.450093
5.34 0.448399
5.36 0.446701
5.38 0.444997
5.4 0.443289
5.42 0.441575
5.44 0.439857
5.46 0.438134
5.48 0.436407
5.5 0.434675
5.52 0.432938
5.54 0.431197
5.56 0.429452
5.58 0.427702
5.6 0.425948
5.62 0.42419
5.64 0.422428
5.66 0.420662
5.68 0.418892
5.7 0.417118
5.72 0.41534
5.74 0.413559
5.76 0.411774
5.78 0.409985
5.8 0.408193
5.82 0.406397
5.84 0.404597
5.86 0.402795
5.88 0.400989
5.9 0.399179
5.92 0.397367
5.94 0.395551
5.96 0.393732
5.98 0.39191
6 0.390085
6.02 0.388257
6.04 0.386426
6.06 0.384592
6.08 0.382756
6.1 0.380916
6.12 0.379074
6.14 0.377229
6.16 0.375382
6.18 0.373532
6.2 0.371679
6.22 0.369824
6.24 0.367967
6.26 0.366107
6.28 0.364244
6.3 0.362379
6.32 0.360512
6.34 0.358643
6.36 0.356771
6.38 0.354897
6.4 0.353021
6.42 0.351143
6.44 0.349263
6.46 0.347381
6.48 0.345497
6.5 0.34361
6.52 0.341722
6.54 0.339832
6.56 0.33794
6.58 0.336046
6.6 0.33415
6.62 0.332253
6.64 0.330354
6.66 0.328453
6.68 0.32655
6.7 0.324646
6.72 0.322739
6.74 0.320832
6.76 0.318923
6.78 0.317012
6.8 0.315099
6.82 0.313186
6.84 0.31127
6.86 0.309353
6.88 0.307435
6.9 0.305515
6.92 0.303594
6.94 0.301672
6.96 0.299748
6.98 0.297823
7 0.295897
7.02 0.293969
7.04 0.29204
7.06 0.29011
7.08 0.288178
7.1 0.286246
7.12 0.284312
7.14 0.282377
7.16 0.280441
7.18 0.278504
7.2 0.276566
7.22 0.274626
7.24 0.272686
7.26 0.270745
7.28 0.268802
7.3 0.266859
7.32 0.264914
7.34 0.262969
7.36 0.261023
7.38 0.259075
7.4 0.257127
7.42 0.255178
7.44 0.253228
7.46 0.251277
7.48 0.249325
7.5 0.247373
7.52 0.245419
7.54 0.243465
7.56 0.24151
7.58 0.239554
7.6 0.237598
7.62 0.23564
7.64 0.233682
7.66 0.231724
7.68 0.229764
7.7 0.227804
7.72 0.225843
7.74 0.223881
7.76 0.221919
7.78 0.219956
7.8 0.217992
7.82 0.216028
7.84 0.214063
7.86 0.212098
7.88 0.210132
7.9 0.208165
7.92 0.206198
7.94 0.20423
7.96 0.202261
7.98 0.200292
8 0.198323
8.02 0.196353
8.04 0.194382
8.06 0.192411
8.08 0.190439
8.1 0.188467
8.12 0.186495
8.14 0.184521
8.16 0.182548
8.18 0.180574
8.2 0.178599
8.22 0.176624
8.24 0.174649
8.26 0.172673
8.28 0.170697
8.3 0.16872
8.32 0.166743
8.34 0.164766
8.36 0.162788
8.38 0.160809
8.4 0.158831
8.42 0.156852
8.44 0.154872
8.46 0.152892
8.48 0.150912
8.5 0.148932
8.52 0.146951
8.54 0.14497
8.56 0.142988
8.58 0.141006
8.6 0.139024
8.62 0.137042
8.64 0.135059
8.66 0.133076
8.68 0.131092
8.7 0.129109
8.72 0.127125
8.74 0.125141
8.76 0.123156
8.78 0.121171
8.8 0.119186
8.82 0.117201
8.84 0.115215
8.86 0.113229
8.88 0.111243
8.9 0.109257
8.92 0.10727
8.94 0.105283
8.96 0.103296
8.98 0.101309
9 0.0993212
9.02 0.0973335
9.04 0.0953455
9.06 0.0933573
9.08 0.0913689
9.1 0.0893803
9.12 0.0873914
9.14 0.0854024
9.16 0.0834132
9.18 0.0814238
9.2 0.0794342
9.22 0.0774444
9.24 0.0754544
9.26 0.0734643
9.28 0.071474
9.3 0.0694835
9.32 0.0674928
9.34 0.065502
9.36 0.063511
9.38 0.0615198
9.4 0.0595285
9.42 0.057537
9.44 0.0555454
9.46 0.0535536
9.48 0.0515617
9.5 0.0495696
9.52 0.0475774
9.54 0.045585
9.56 0.0435926
9.58 0.0415999
9.6 0.0396072
9.62 0.0376143
9.64 0.0356213
9.66 0.0336281
9.68 0.0316349
9.7 0.0296415
9.72 0.027648
9.74 0.0256544
9.76 0.0236606
9.78 0.0216668
9.8 0.0196728
9.82 0.0176788
9.84 0.0156846
9.86 0.0136903
9.88 0.0116959
9.9 0.00970146
9.92 0.00770688
9.94 0.0057122
9.96 0.00371743
9.98 0.00172256
10 -0.000272399
10.02 -0.00226745
10.04 -0.00426259
10.06 -0.00625782
10.08 -0.00825313
10.1 -0.0102485
10.12 -0.012244
10.14 -0.0142396
10.16 -0.0162352
10.18 -0.0182309
10.2 -0.0202267
10.22 -0.0222226
10.24 -0.0242186
10.26 -0.0262146
10.28 -0.0282107
10.3 -0.0302068
10.32 -0.0322031
10.34 -0.0341994
10.36 -0.0361957
10.38 -0.0381922
10.4 -0.0401887
10.42 -0.0421852
10.44 -0.0441819
10.46 -0.0461786
10.48 -0.0481753
10.5 -0.0501721
10.52 -0.052169
10.54 -0.0541659
10.56 -0.0561629
10.58 -0.0581599
10.6 -0.060157
10.62 -0.0621541
10.64 -0.0641513
10.66 -0.0661485
10.68 -0.0681458
10.7 -0.0701432
10.72 -0.0721405
10.74 -0.074138
10.76 -0.0761355
10.78 -0.078133
10.8 -0.0801306
10.82 -0.0821282
10.84 -0.0841258
10.86 -0.0861235
10.88 -0.0881213
10.9 -0.0901191
10.92 -0.0921169
10.94 -0.0941147
10.96 -0.0961126
10.98 -0.0981106
11 -0.100109
11.02 -0.102107
11.04 -0.104105
11.06 -0.106103
11.08 -0.108101
11.1 -0.110099
11.12 -0.112097
11.14 -0.114095
11.16 -0.116094
11.18 -0.118092
11.2 -0.12009
11.22 -0.122089
11.24 -0.124087
11.26 -0.126085
11.28 -0.128084
11.3 -0.130082
11.32 -0.132081
11.34 -0.134079
11.36 -0.136078
11.38 -0.138076
11.4 -0.140075
11.42 -0.142074
11.44 -0.144072
11.46 -0.146071
11.48 -0.14807
11.5 -0.150068
11.52 -0.152067
11.54 -0.154066
11.56 -0.156065
11.58 -0.158063
11.6 -0.160062
11.62 -0.162061
11.64 -0.16406
11.66 -0.166059
11.68 -0.168058
11.7 -0.170057
11.72 -0.172056
11.74 -0.174055
11.76 -0.176054
11.78 -0.178053
11.8 -0.180052
11.82 -0.182051
11.84 -0.18405
11.86 -0.186049
11.88 -0.188048
11.9 -0.190047
11.92 -0.192046
11.94 -0.194045
11.96 -0.196045
11.98 -0.198044
12 -0.200043
12.02 -0.202042
12.04 -0.204041
12.06 -0.206041
12.08 -0.20804
12.1 -0.210039
12.12 -0.212038
12.14 -0.214038
12.16 -0.216037
12.18 -0.218036
12.2 -0.220036
12.22 -0.222035
12.24 -0.224034
12.26 -0.226034
12.28 -0.228033
12.3 -0.230033
12.32 -0.232032
12.34 -0.234031
12.36 -0.236031
12.38 -0.23803
12.4 -0.24003
12.42 -0.242029
12.44 -0.244029
12.46 -0.246028
12.48 -0.248028
12.5 -0.250027
12.52 -0.252027
12.54 -0.254026
12.56 -0.256026
12.58 -0.258025
12.6 -0.260025
12.62 -0.262024
12.64 -0.264024
12.66 -0.266023
12.68 -0.268023
12.7 -0.270022
12.72 -0.272022
12.74 -0.274022
12.76 -0.276021
12.78 -0.278021
12.8 -0.28002
12.82 -0.28202
12.84 -0.28402
12.86 -0.286019
12.88 -0.288019
12.9 -0.290019
12.92 -0.292018
12.94 -0.294018
12.96 -0.296018
12.98 -0.298017
13 -0.300017
13.02 -0.302017
13.04 -0.304016
13.06 -0.306016
13.08 -0.308016
13.1 -0.310015
13.12 -0.312015
13.14 -0.314015
13.16 -0.316015
13.18 -0.318014
13.2 -0.320014
13.22 -0.322014
13.24 -0.324014
13.26 -0.326013
13.28 -0.328013
13.3 -0.330013
13.32 -0.332013
13.34 -0.334012
13.36 -0.336012
13.38 -0.338012
13.4 -0.340012
13.42 -0.342011
13.44 -0.344011
13.46 -0.346011
13.48 -0.348011
13.5 -0.350011
13.52 -0.35201
13.54 -0.35401
13.56 -0.35601
13.58 -0.35801
13.6 -0.36001
13.62 -0.362009
13.64 -0.364009
13.66 -0.366009
13.68 -0.368009
13.7 -0.370009
13.72 -0.372009
13.74 -0.374008
13.76 -0.376008
13.78 -0.378008
13.8 -0.380008
13.82 -0.382008
13.84 -0.384008
13.86 -0.386008
13.88 -0.388007
13.9 -0.390007
13.92 -0.392007
13.94 -0.394007
13.96 -0.396007
13.98 -0.398007
14 -0.400007
14.02 -0.402007
14.04 -0.404006
14.06 -0.406006
14.08 -0.408006
14.1 -0.410006
14.12 -0.412006
14.14 -0.414006
14.16 -0.416006
14.18 -0.418006
14.2 -0.420006
14.22 -0.422005
14.24 -0.424005
14.26 -0.426005
14.28 -0.428005
14.3 -0.430005
14.32 -0.432005
14.34 -0.434005
14.36 -0.436005
14.38 -0.438005
14.4 -0.440005
14.42 -0.442004
14.44 -0.444004
14.46 -0.446004
14.48 -0.448004
14.5 -0.450004
14.52 -0.452004
14.54 -0.454004
14.56 -0.456004
14.58 -0.458004
14.6 -0.460004
14.62 -0.462004
14.64 -0.464004
14.66 -0.466004
14.68 -0.468004
14.7 -0.470003
14.72 -0.472003
14.74 -0.474003
14.76 -0.476003
14.78 -0.478003
14.8 -0.480003
14.82 -0.482003
14.84 -0.484003
14.86 -0.486003
14.88 -0.488003
14.9 -0.490003
14.92 -0.492003
14.94 -0.494003
14.96 -0.496003
14.98 -0.498003
15 -0.500003
15.02 -0.502003
15.04 -0.504003
15.06 -0.506002
15.08 -0.508002
15.1 -0.510002
15.12 -0.512002
15.14 -0.514002
15.16 -0.516002
15.18 -0.518002
15.2 -0.520002
15.22 -0.522002
15.24 -0.524002
15.26 -0.526002
15.28 -0.528002
15.3 -0.530002
15.32 -0.532002
15.34 -0.534002
15.36 -0.536002
15.38 -0.538002
15.4 -0.540002
15.42 -0.542002
15.44 -0.544002
15.46 -0.546002
15.48 -0.548002
15.5 -0.550002
15.52 -0.552002
15.54 -0.554002
15.56 -0.556002
15.58 -0.558002
15.6 -0.560001
15.62 -0.562001
15.64 -0.564001
15.66 -0.566001
15.68 -0.568001
15.7 -0.570001
15.72 -0.572001
15.74 -0.574001
15.76 -0.576001
15.78 -0.578001
15.8 -0.580001
15.82 -0.582001
15.84 -0.584001
15.86 -0.586001
15.88 -0.588001
15.9 -0.590001
15.92 -0.592001
15.94 -0.594001
15.96 -0.596001
15.98 -0.598001
16 -0.600001
16.02 -0.602001
16.04 -0.604001
16.06 -0.606001
16.08 -0.608001
16.1 -0.610001
16.12 -0.612001
16.14 -0.614001
16.16 -0.616001
16.18 -0.618001
16.2 -0.620001
16.22 -0.622001
16.24 -0.624001
16.26 -0.626001
16.28 -0.628001
16.3 -0.630001
16.32 -0.632001
16.34 -0.634001
16.36 -0.636001
16.38 -0.638001
16.4 -0.640001
16.42 -0.642001
16.44 -0.644001
16.46 -0.646001
16.48 -0.648001
16.5 -0.650001
16.52 -0.652001
16.54 -0.654001
16.56 -0.656001
16.58 -0.658001
16.6 -0.660001
16.62 -0.662001
16.64 -0.664001
16.66 -0.666001
16.68 -0.668001
16.7 -0.670001
16.72 -0.672001
16.74 -0.674001
16.76 -0.676
16.78 -0.678
16.8 -0.68
16.82 -0.682
16.84 -0.684
16.86 -0.686
16.88 -0.688
16.9 -0.69
16.92 -0.692
16.94 -0.694
16.96 -0.696
16.98 -0.698
17 -0.7
17.02 -0.702
17.04 -0.704
17.06 -0.706
17.08 -0.708
17.1 -0.71
17.12 -0.712
17.14 -0.714
17.16 -0.716
17.18 -0.718
17.2 -0.72
17.22 -0.722
17.24 -0.724
17.26 -0.726
17.28 -0.728
17.3 -0.73
17.32 -0.732
17.34 -0.734
17.36 -0.736
17.38 -0.738
17.4 -0.74
17.42 -0.742
17.44 -0.744
17.46 -0.746
17.48 -0.748
17.5 -0.75
17.52 -0.752
17.54 -0.754
17.56 -0.756
17.58 -0.758
17.6 -0.76
17.62 -0.762
17.64 -0.764
17.66 -0.766
17.68 -0.768
17.7 -0.77
17.72 -0.772
17.74 -0.774
17.76 -0.776
17.78 -0.778
17.8 -0.78
17.82 -0.782
17.84 -0.784
17.86 -0.786
17.88 -0.788
17.9 -0.79
17.92 -0.792
17.94 -0.794
17.96 -0.796
17.98 -0.798
18 -0.8
18.02 -0.802
18.04 -0.804
18.06 -0.806
18.08 -0.808
18.1 -0.81
18.12 -0.812
18.14 -0.814
18.16 -0.816
18.18 -0.818
18.2 -0.82
18.22 -0.822
18.24 -0.824
18.26 -0.826
18.28 -0.828
18.3 -0.83
18.32 -0.832
18.34 -0.834
18.36 -0.836
18.38 -0.838
18.4 -0.84
18.42 -0.842
18.44 -0.844
18.46 -0.846
18.48 -0.848
18.5 -0.85
18.52 -0.852
18.54 -0.854
18.56 -0.856
18.58 -0.858
18.6 -0.86
18.62 -0.862
18.64 -0.864
18.66 -0.866
18.68 -0.868
18.7 -0.87
18.72 -0.872
18.74 -0.874
18.76 -0.876
18.78 -0.878
18.8 -0.88
18.82 -0.882
18.84 -0.884
18.86 -0.886
18.88 -0.888
18.9 -0.89
18.92 -0.892
18.94 -0.894
18.96 -0.896
18.98 -0.898
19 -0.9
19.02 -0.902
19.04 -0.904
19.06 -0.906
19.08 -0.908
19.1 -0.91
19.12 -0.912
19.14 -0.914
19.16 -0.916
19.18 -0.918
19.2 -0.92
19.22 -0.922
19.24 -0.924
19.26 -0.926
19.28 -0.928
19.3 -0.93
19.32 -0.932
19.34 -0.934
19.36 -0.936
19.38 -0.938
19.4 -0.94
19.42 -0.942
19.44 -0.944
19.46 -0.946
19.48 -0.948
19.5 -0.95
19.52 -0.952
19.54 -0.954
19.56 -0.956
19.58 -0.958
19.6 -0.96
19.62 -0.962
19.64 -0.964
19.66 -0.966
19.68 -0.968
19.7 -0.97
19.72 -0.972
19.74 -0.974
19.76 -0.976
19.78 -0.978
19.8 -0.98
19.82 -0.982
19.84 -0.984
19.86 -0.986
19.88 -0.988
19.9 -0.99
19.92 -0.992
19.94 -0.994
19.96 -0.996
19.98 -0.998
20 -1
20.02 -1.002


0 0
0.02 0.0119993
0.04 0.0239948
0.06 0.0359825
0.08 0.047959
0.1 0.0599207
0.12 0.0718643
0.14 0.0837867
0.16 0.0956847
0.18 0.107555
0.2 0.119396
0.22 0.131204
0.24 0.142977
0.26 0.154712
0.28 0.166407
0.3 0.178059
0.32 0.189667
0.34 0.201229
0.36 0.212742
0.38 0.224205
0.4 0.235616
0.42 0.246973
0.44 0.258276
0.46 0.269521
0.48 0.280709
0.5 0.291837
0.52 0.302904
0.54 0.31391
0.56 0.324852
0.58 0.335731
0.6 0.346545
0.62 0.357293
0.64 0.367974
0.66 0.378588
0.68 0.389133
0.7 0.39961
0.72 0.410017
0.74 0.420354
0.76 0.43062
0.78 0.440816
0.8 0.450939
0.82 0.460991
0.84 0.470971
0.86 0.480878
0.88 0.490713
0.9 0.500474
0.92 0.510162
0.94 0.519777
0.96 0.529319
0.98 0.538786
1 0.548181
1.02 0.557502
1.04 0.566749
1.06 0.575923
1.08 0.585023
1.1 0.59405
1.12 0.603004
1.14 0.611884
1.16 0.620692
1.18 0.629427
1.2 0.638089
1.22 0.646679
1.24 0.655198
1.26 0.663644
1.28 0.672019
1.3 0.680323
1.32 0.688555
1.34 0.696718
1.36 0.70481
1.38 0.712832
1.4 0.720785
1.42 0.728669
1.44 0.736484
1.46 0.744231
1.48 0.75191
1.5 0.759522
1.52 0.767067
1.54 0.774545
1.56 0.781958
1.58 0.789305
1.6 0.796586
1.62 0.803803
1.64 0.810956
1.66 0.818046
1.68 0.825072
1.7 0.832035
1.72 0.838937
1.74 0.845777
1.76 0.852556
1.78 0.859274
1.8 0.865932
1.82 0.872531
1.84 0.879071
1.86 0.885552
1.88 0.891975
1.9 0.898341
1.92 0.90465
1.94 0.910903
1.96 0.9171
1.98 0.923242
2 0.929329
2.02 0.935363
2.04 0.941342
2.06 0.947268
2.08 0.953142
2.1 0.958964
2.12 0.964735
2.14 0.970454
2.16 0.976124
2.18 0.981743
2.2 0.987313
2.22 0.992835
2.24 0.998308
2.26 1.00373
2.28 1.00911
2.3 1.01444
2.32 1.01973
2.34 1.02497
2.36 1.03016
2.38 1.03531
2.4 1.04042
2.42 1.04548
2.44 1.0505
2.46 1.05548
2.48 1.06042
2.5 1.06531
2.52 1.07016
2.54 1.07497
2.56 1.07975
2.58 1.08448
2.6 1.08917
2.62 1.09383
2.64 1.09844
2.66 1.10302
2.68 1.10756
2.7 1.11207
2.72 1.11654
2.74 1.12097
2.76 1.12537
2.78 1.12973
2.8 1.13406
2.82 1.13835
2.84 1.14261
2.86 1.14684
2.88 1.15103
2.9 1.15519
2.92 1.15932
2.94 1.16342
2.96 1.16749
2.98 1.17153
3 1.17553
3.02 1.17951
3.04 1.18346
3.06 1.18737
3.08 1.19126
3.1 1.19512
3.12 1.19896
3.14 1.20276
3.16 1.20654
3.18 1.21029
3.2 1.21402
3.22 1.21772
3.24 1.22139
3.26 1.22504
3.28 1.22866
3.3 1.23226
3.32 1.23583
3.34 1.23938
3.36 1.24291
3.38 1.24641
3.4 1.24989
3.42 1.25335
3.44 1.25678
3.46 1.2602
3.48 1.26359
3.5 1.26696
3.52 1.27031
3.54 1.27363
3.56 1.27694
3.58 1.28023
3.6 1.28349
3.62 1.28674
3.64 1.28997
3.66 1.29318
3.68 1.29637
3.7 1.29954
3.72 1.30269
3.74 1.30583
3.76 1.30894
3.78 1.31204
3.8 1.31512
3.82 1.31819
3.84 1.32124
3.86 1.32427
3.88 1.32729
3.9 1.33029
3.92 1.33327
3.94 1.33624
3.96 1.33919
3.98 1.34213
4 1.34505
4.02 1.34796
4.04 1.35086
4.06 1.35374
4.08 1.3566
4.1 1.35945
4.12 1.36229
4.14 1.36512
4.16 1.36793
4.18 1.37073
4.2 1.37351
4.22 1.37629
4.24 1.37905
4.26 1.3818
4.28 1.38453
4.3 1.38726
4.32 1.38997
4.34 1.39267
4.36 1.39536
4.38 1.39804
4.4 1.40071
4.42 1.40337
4.44 1.40602
4.46 1.40865
4.48 1.41128
4.5 1.4139
4.52 1.4165
4.54 1.4191
4.56 1.42168
4.58 1.42426
4.6 1.42683
4.62 1.42939
4.64 1.43194
4.66 1.43448
4.68 1.43701
4.7 1.43953
4.72 1.44205
4.74 1.44455
4.76 1.44705
4.78 1.44954
4.8 1.45202
4.82 1.45449
4.84 1.45696
4.86 1.45942
4.88 1.46187
4.9 1.46431
4.92 1.46675
4.94 1.46917
4.96 1.4716
4.98 1.47401
5 1.47642
5.02 1.47882
5.04 1.48121
5.06 1.4836
5.08 1.48598
5.1 1.48836
5.12 1.49073
5.14 1.49309
5.16 1.49544
5.18 1.4978
5.2 1.50014
5.22 1.50248
5.24 1.50481
5.26 1.50714
5.28 1.50946
5.3 1.51178
5.32 1.51409
5.34 1.5164
5.36 1.5187
5.38 1.521
5.4 1.52329
5.42 1.52558
5.44 1.52786
5.46 1.53013
5.48 1.53241
5.5 1.53467
5.52 1.53694
5.54 1.5392
5.56 1.54145
5.58 1.5437
5.6 1.54595
5.62 1.54819
5.64 1.55043
5.66 1.55266
5.68 1.55489
5.7 1.55712
5.72 1.55934
5.74 1.56156
5.76 1.56377
5.78 1.56598
5.8 1.56819
5.82 1.5704
5.84 1.5726
5.86 1.57479
5.88 1.57699
5.9 1.57918
5.92 1.58137
5.94 1.58355
5.96 1.58573
5.98 1.58791
6 1.59008
6.02 1.59226
6.04 1.59443
6.06 1.59659
6.08 1.59876
6.1 1.60092
6.12 1.60307
6.14 1.60523
6.16 1.60738
6.18 1.60953
6.2 1.61168
6.22 1.61382
6.24 1.61597
6.26 1.61811
6.28 1.62024
6.3 1.62238
6.32 1.62451
6.34 1.62664
6.36 1.62877
6.38 1.6309
6.4 1.63302
6.42 1.63514
6.44 1.63726
6.46 1.63938
6.48 1.6415
6.5 1.64361
6.52 1.64572
6.54 1.64783
6.56 1.64994
6.58 1.65205
6.6 1.65415
6.62 1.65625
6.64 1.65835
6.66 1.66045
6.68 1.66255
6.7 1.66465
6.72 1.66674
6.74 1.66883
6.76 1.67092
6.78 1.67301
6.8 1.6751
6.82 1.67719
6.84 1.67927
6.86 1.68135
6.88 1.68344
6.9 1.68552
6.92 1.68759
6.94 1.68967
6.96 1.69175
6.98 1.69382
7 1.6959
7.02 1.69797
7.04 1.70004
7.06 1.70211
7.08 1.70418
7.1 1.70625
7.12 1.70831
7.14 1.71038
7.16 1.71244
7.18 1.7145
7.2 1.71657
7.22 1.71863
7.24 1.72069
7.26 1.72274
7.28 1.7248
7.3 1.72686
7.32 1.72891
7.34 1.73097
7.36 1.73302
7.38 1.73508
7.4 1.73713
7.42 1.73918
7.44 1.74123
7.46 1.74328
7.48 1.74533
7.5 1.74737
7.52 1.74942
7.54 1.75147
7.56 1.75351
7.58 1.75555
7.6 1.7576
7.62 1.75964
7.64 1.76168
7.66 1.76372
7.68 1.76576
7.7 1.7678
7.72 1.76984
7.74 1.77188
7.76 1.77392
7.78 1.77596
7.8 1.77799
7.82 1.78003
7.84 1.78206
7.86 1.7841
7.88 1.78613
7.9 1.78816
7.92 1.7902
7.94 1.79223
7.96 1.79426
7.98 1.79629
8 1.79832
8.02 1.80035
8.04 1.80238
8.06 1.80441
8.08 1.80644
8.1 1.80847
8.12 1.81049
8.14 1.81252
8.16 1.81455
8.18 1.81657
8.2 1.8186
8.22 1.82062
8.24 1.82265
8.26 1.82467
8.28 1.8267
8.3 1.82872
8.32 1.83074
8.34 1.83277
8.36 1.83479
8.38 1.83681
8.4 1.83883
8.42 1.84085
8.44 1.84287
8.46 1.84489
8.48 1.84691
8.5 1.84893
8.52 1.85095
8.54 1.85297
8.56 1.85499
8.58 1.85701
8.6 1.85902
8.62 1.86104
8.64 1.86306
8.66 1.86508
8.68 1.86709
8.7 1.86911
8.72 1.87112
8.74 1.87314
8.76 1.87516
8.78 1.87717
8.8 1.87919
8.82 1.8812
8.84 1.88322
8.86 1.88523
8.88 1.88724
8.9 1.88926
8.92 1.89127
8.94 1.89328
8.96 1.8953
8.98 1.89731
9 1.89932
9.02 1.90133
9.04 1.90335
9.06 1.90536
9.08 1.90737
9.1 1.90938
9.12 1.91139
9.14 1.9134
9.16 1.91541
9.18 1.91742
9.2 1.91943
9.22 1.92144
9.24 1.92345
9.26 1.92546
9.28 1.92747
9.3 1.92948
9.32 1.93149
9.34 1.9335
9.36 1.93551
9.38 1.93752
9.4 1.93953
9.42 1.94154
9.44 1.94355
9.46 1.94555
9.48 1.94756
9.5 1.94957
9.52 1.95158
9.54 1.95359
9.56 1.95559
9.58 1.9576
9.6 1.95961
9.62 1.96161
9.64 1.96362
9.66 1.96563
9.68 1.96763
9.7 1.96964
9.72 1.97165
9.74 1.97365
9.76 1.97566
9.78 1.97767
9.8 1.97967
9.82 1.98168
9.84 1.98368
9.86 1.98569
9.88 1.9877
9.9 1.9897
9.92 1.99171
9.94 1.99371
9.96 1.99572
9.98 1.99772
10 1.99973
10.02 2.00173
10.04 2.00374
10.06 2.00574
10.08 2.00775
10.1 2.00975
10.12 2.01176
10.14 2.01376
10.16 2.01576
10.18 2.01777
10.2 2.01977
10.22 2.02178
10.24 2.02378
10.26 2.02579
10.28 2.02779
10.3 2.02979
10.32 2.0318
10.34 2.0338
10.36 2.0358
10.38 2.03781
10.4 2.03981
10.42 2.04181
10.44 2.04382
10.46 2.04582
10.48 2.04782
10.5 2.04983
10.52 2.05183
10.54 2.05383
10.56 2.05584
10.58 2.05784
10.6 2.05984
10.62 2.06185
10.64 2.06385
10.66 2.06585
10.68 2.06785
10.7 2.06986
10.72 2.07186
10.74 2.07386
10.76 2.07586
10.78 2.07787
10.8 2.07987
10.82 2.08187
10.84 2.08387
10.86 2.08588
10.88 2.08788
10.9 2.08988
10.92 2.09188
10.94 2.09389
10.96 2.09589
10.98 2.09789
11 2.09989
11.02 2.10189
11.04 2.1039
11.06 2.1059
11.08 2.1079
11.1 2.1099
11.12 2.1119
11.14 2.1139
11.16 2.11591
11.18 2.11791
11.2 2.11991
11.22 2.12191
11.24 2.12391
11.26 2.12591
11.28 2.12792
11.3 2.12992
11.32 2.13192
11.34 2.13392
11.36 2.13592
11.38 2.13792
11.4 2.13992
11.42 2.14193
11.44 2.14393
11.46 2.14593
11.48 2.14793
11.5 2.14993
11.52 2.15193
11.54 2.15393
11.56 2.15594
11.58 2.15794
11.6 2.15994
11.62 2.16194
11.64 2.16394
11.66 2.16594
11.68 2.16794
11.7 2.16994
11.72 2.17194
11.74 2.17395
11.76 2.17595
11.78 2.17795
11.8 2.17995
11.82 2.18195
11.84 2.18395
11.86 2.18595
11.88 2.18795
11.9 2.18995
11.92 2.19195
11.94 2.19395
11.96 2.19596
11.98 2.19796
12 2.19996
12.02 2.20196
12.04 2.20396
12.06 2.20596
12.08 2.20796
12.1 2.20996
12.12 2.21196
12.14 2.21396
12.16 2.21596
12.18 2.21796
12.2 2.21996
12.22 2.22196
12.24 2.22397
12.26 2.22597
12.28 2.22797
12.3 2.22997
12.32 2.23197
12.34 2.23397
12.36 2.23597
12.38 2.23797
12.4 2.23997
12.42 2.24197
12.44 2.24397
12.46 2.24597
12.48 2.24797
12.5 2.24997
12.52 2.25197
12.54 2.25397
12.56 2.25597
12.58 2.25797
12.6 2.25998
12.62 2.26198
12.64 2.26398
12.66 2.26598
12.68 2.26798
12.7 2.26998
12.72 2.27198
12.74 2.27398
12.76 2.27598
12.78 2.27798
12.8 2.27998
12.82 2.28198
12.84 2.28398
12.86 2.28598
12.88 2.28798
12.9 2.28998
12.92 2.29198
12.94 2.29398
12.96 2.29598
12.98 2.29798
13 2.29998
13.02 2.30198
13.04 2.30398
13.06 2.30598
13.08 2.30798
13.1 2.30998
13.12 2.31198
13.14 2.31399
13.16 2.31599
13.18 2.31799
13.2 2.31999
13.22 2.32199
13.24 2.32399
13.26 2.32599
13.28 2.32799
13.3 2.32999
13.32 2.33199
13.34 2.33399
13.36 2.33599
13.38 2.33799
13.4 2.33999
13.42 2.34199
13.44 2.34399
13.46 2.34599
13.48 2.34799
13.5 2.34999
13.52 2.35199
13.54 2.35399
13.56 2.35599
13.58 2.35799
13.6 2.35999
13.62 2.36199
13.64 2.36399
13.66 2.36599
13.68 2.36799
13.7 2.36999
13.72 2.37199
13.74 2.37399
13.76 2.37599
13.78 2.37799
13.8 2.37999
13.82 2.38199
13.84 2.38399
13.86 2.38599
13.88 2.38799
13.9 2.38999
13.92 2.39199
13.94 2.39399
13.96 2.39599
13.98 2.39799
14 2.39999
14.02 2.40199
14.04 2.40399
14.06 2.40599
14.08 2.40799
14.1 2.40999
14.12 2.41199
14.14 2.41399
14.16 2.41599
14.18 2.41799
14.2 2.41999
14.22 2.42199
14.24 2.42399
14.26 2.42599
14.28 2.42799
14.3 2.42999
14.32 2.432
14.34 2.434
14.36 2.436
14.38 2.438
14.4 2.44
14.42 2.442
14.44 2.444
14.46 2.446
14.48 2.448
14.5 2.45
14.52 2.452
14.54 2.454
14.56 2.456
14.58 2.458
14.6 2.46
14.62 2.462
14.64 2.464
14.66 2.466
14.68 2.468
14.7 2.47
14.72 2.472
14.74 2.474
14.76 2.476
14.78 2.478
14.8 2.48
14.82 2.482
14.84 2.484
14.86 2.486
14.88 2.488
14.9 2.49
14.92 2.492
14.94 2.494
14.96 2.496
14.98 2.498
15 2.5
15.02 2.502
15.04 2.504
15.06 2.506
15.08 2.508
15.1 2.51
15.12 2.512
15.14 2.514
15.16 2.516
15.18 2.518
15.2 2.52
15.22 2.522
15.24 2.524
15.26 2.526
15.28 2.528
15.3 2.53
15.32 2.532
15.34 2.534
15.36 2.536
15.38 2.538
15.4 2.54
15.42 2.542
15.44 2.544
15.46 2.546
15.48 2.548
15.5 2.55
15.52 2.552
15.54 2.554
15.56 2.556
15.58 2.558
15.6 2.56
15.62 2.562
15.64 2.564
15.66 2.566
15.68 2.568
15.7 2.57
15.72 2.572
15.74 2.574
15.76 2.576
15.78 2.578
15.8 2.58
15.82 2.582
15.84 2.584
15.86 2.586
15.88 2.588
15.9 2.59
15.92 2.592
15.94 2.594
15.96 2.596
15.98 2.598
16 2.6
16.02 2.602
16.04 2.604
16.06 2.606
16.08 2.608
16.1 2.61
16.12 2.612
16.14 2.614
16.16 2.616
16.18 2.618
16.2 2.62
16.22 2.622
16.24 2.624
16.26 2.626
16.28 2.628
16.3 2.63
16.32 2.632
16.34 2.634
16.36 2.636
16.38 2.638
16.4 2.64
16.42 2.642
16.44 2.644
16.46 2.646
16.48 2.648
16.5 2.65
16.52 2.652
16.54 2.654
16.56 2.656
16.58 2.658
16.6 2.66
16.62 2.662
16.64 2.664
16.66 2.666
16.68 2.668
16.7 2.67
16.72 2.672
16.74 2.674
16.76 2.676
16.78 2.678
16.8 2.68
16.82 2.682
16.84 2.684
16.86 2.686
16.88 2.688
16.9 2.69
16.92 2.692
16.94 2.694
16.96 2.696
16.98 2.698
17 2.7
17.02 2.702
17.04 2.704
17.06 2.706
17.08 2.708
17.1 2.71
17.12 2.712
17.14 2.714
17.16 2.716
17.18 2.718
17.2 2.72
17.22 2.722
17.24 2.724
17.26 2.726
17.28 2.728
17.3 2.73
17.32 2.732
17.34 2.734
17.36 2.736
17.38 2.738
17.4 2.74
17.42 2.742
17.44 2.744
17.46 2.746
17.48 2.748
17.5 2.75
17.52 2.752
17.54 2.754
17.56 2.756
17.58 2.758
17.6 2.76
17.62 2.762
17.64 2.764
17.66 2.766
17.68 2.768
17.7 2.77
17.72 2.772
17.74 2.774
17.76 2.776
17.78 2.778
17.8 2.78
17.82 2.782
17.84 2.784
17.86 2.786
17.88 2.788
17.9 2.79
17.92 2.792
17.94 2.794
17.96 2.796
17.98 2.798
18 2.8
18.02 2.802
18.04 2.804
18.06 2.806
18.08 2.808
18.1 2.81
18.12 2.812
18.14 2.814
18.16 2.816
18.18 2.818
18.2 2.82
18.22 2.822
18.24 2.824
18.26 2.826
18.28 2.828
18.3 2.83
18.32 2.832
18.34 2.834
18.36 2.836
18.38 2.838
18.4 2.84
18.42 2.842
18.44 2.844
18.46 2.846
18.48 2.848
18.5 2.85
18.52 2.852
18.54 2.854
18.56 2.856
18.58 2.858
18.6 2.86
18.62 2.862
18.64 2.864
18.66 2.866
18.68 2.868
18.7 2.87
18.72 2.872
18.74 2.874
18.76 2.876
18.78 2.878
18.8 2.88
18.82 2.882
18.84 2.884
18.86 2.886
18.88 2.888
18.9 2.89
18.92 2.892
18.94 2.894
18.96 2.896
18.98 2.898
19 2.9
19.02 2.902
19.04 2.904
19.06 2.906
19.08 2.908
19.1 2.91
19.12 2.912
19.14 2.914
19.16 2.916
19.18 2.918
19.2 2.92
19.22 2.922
19.24 2.924
19.26 2.926
19.28 2.928
19.3 2.93
19.32 2.932
19.34 2.934
19.36 2.936
19.38 2.938
19.4 2.94
19.42 2.942
19.44 2.944
19.46 2.946
19.48 2.948
19.5 2.95
19.52 2.952
19.54 2.954
19.56 2.956
19.58 2.958
19.6 2.96
19.62 2.962
19.64 2.964
19.66 2.966
19.68 2.968
19.7 2.97
19.72 2.972
19.74 2.974
19.76 2.976
19.78 2.978
19.8 2.98
19.82 2.982
19.84 2.984
19.86 2.986
19.88 2.988
19.9 2.99
19.92 2.992
19.94 2.994
19.96 2.996
19.98 2.998
20 3
20.02 3.002


0 0
0.02 0.0159993
0.04 0.0319948
0.06 0.0479825
0.08 0.063959
0.1 0.0799207
0.12 0.0958643
0.14 0.111787
0.16 0.127685
0.18 0.143555
0.2 0.159396
0.22 0.175204
0.24 0.190977
0.26 0.206712
0.28 0.222407
0.3 0.238059
0.32 0.253667
0.34 0.269229
0.36 0.284742
0.38 0.300205
0.4 0.315616
0.42 0.330973
0.44 0.346276
0.46 0.361521
0.48 0.376709
0.5 0.391837
0.52 0.406904
0.54 0.42191
0.56 0.436852
0.58 0.451731
0.6 0.466545
0.62 0.481293
0.64 0.495974
0.66 0.510588
0.68 0.525133
0.7 0.53961
0.72 0.554017
0.74 0.568354
0.76 0.58262
0.78 0.596816
0.8 0.610939
0.82 0.624991
0.84 0.638971
0.86 0.652878
0.88 0.666713
0.9 0.680474
0.92 0.694162
0.94 0.707777
0.96 0.721319
0.98 0.734786
1 0.748181
1.02 0.761502
1.04 0.774749
1.06 0.787923
1.08 0.801023
1.1 0.81405
1.12 0.827004
1.14 0.839884
1.16 0.852692
1.18 0.865427
1.2 0.878089
1.22 0.890679
1.24 0.903198
1.26 0.915644
1.28 0.928019
1.3 0.940323
1.32 0.952555
1.34 0.964718
1.36 0.97681
1.38 0.988832
1.4 1.00079
1.42 1.01267
1.44 1.02448
1.46 1.03623
1.48 1.04791
1.5 1.05952
1.52 1.07107
1.54 1.08255
1.56 1.09396
1.58 1.1053
1.6 1.11659
1.62 1.1278
1.64 1.13896
1.66 1.15005
1.68 1.16107
1.7 1.17204
1.72 1.18294
1.74 1.19378
1.76 1.20456
1.78 1.21527
1.8 1.22593
1.82 1.23653
1.84 1.24707
1.86 1.25755
1.88 1.26798
1.9 1.27834
1.92 1.28865
1.94 1.2989
1.96 1.3091
1.98 1.31924
2 1.32933
2.02 1.33936
2.04 1.34934
2.06 1.35927
2.08 1.36914
2.1 1.37896
2.12 1.38873
2.14 1.39845
2.16 1.40812
2.18 1.41774
2.2 1.42731
2.22 1.43683
2.24 1.44631
2.26 1.45573
2.28 1.46511
2.3 1.47444
2.32 1.48373
2.34 1.49297
2.36 1.50216
2.38 1.51131
2.4 1.52042
2.42 1.52948
2.44 1.5385
2.46 1.54748
2.48 1.55642
2.5 1.56531
2.52 1.57416
2.54 1.58297
2.56 1.59175
2.58 1.60048
2.6 1.60917
2.62 1.61783
2.64 1.62644
2.66 1.63502
2.68 1.64356
2.7 1.65207
2.72 1.66054
2.74 1.66897
2.76 1.67737
2.78 1.68573
2.8 1.69406
2.82 1.70235
2.84 1.71061
2.86 1.71884
2.88 1.72703
2.9 1.73519
2.92 1.74332
2.94 1.75142
2.96 1.75949
2.98 1.76753
3 1.77553
3.02 1.78351
3.04 1.79146
3.06 1.79937
3.08 1.80726
3.1 1.81512
3.12 1.82296
3.14 1.83076
3.16 1.83854
3.18 1.84629
3.2 1.85402
3.22 1.86172
3.24 1.86939
3.26 1.87704
3.28 1.88466
3.3 1.89226
3.32 1.89983
3.34 1.90738
3.36 1.91491
3.38 1.92241
3.4 1.92989
3.42 1.93735
3.44 1.94478
3.46 1.9522
3.48 1.95959
3.5 1.96696
3.52 1.97431
3.54 1.98163
3.56 1.98894
3.58 1.99623
3.6 2.00349
3.62 2.01074
3.64 2.01797
3.66 2.02518
3.68 2.03237
3.7 2.03954
3.72 2.04669
3.74 2.05383
3.76 2.06094
3.78 2.06804
3.8 2.07512
3.82 2.08219
3.84 2.08924
3.86 2.09627
3.88 2.10329
3.9 2.11029
3.92 2.11727
3.94 2.12424
3.96 2.13119
3.98 2.13813
4 2.14505
4.02 2.15196
4.04 2.15886
4.06 2.16574
4.08 2.1726
4.1 2.17945
4.12 2.18629
4.14 2.19312
4.16 2.19993
4.18 2.20673
4.2 2.21351
4.22 2.22029
4.24 2.22705
4.26 2.2338
4.28 2.24053
4.3 2.24726
4.32 2.25397
4.34 2.26067
4.36 2.26736
4.38 2.27404
4.4 2.28071
4.42 2.28737
4.44 2.29402
4.46 2.30065
4.48 2.30728
4.5 2.3139
4.52 2.3205
4.54 2.3271
4.56 2.33368
4.58 2.34026
4.6 2.34683
4.62 2.35339
4.64 2.35994
4.66 2.36648
4.68 2.37301
4.7 2.37953
4.72 2.38605
4.74 2.39255
4.76 2.39905
4.78 2.40554
4.8 2.41202
4.82 2.41849
4.84 2.42496
4.86 2.43142
4.88 2.43787
4.9 2.44431
4.92 2.45075
4.94 2.45717
4.96 2.4636
4.98 2.47001
5 2.47642
5.02 2.48282
5.04 2.48921
5.06 2.4956
5.08 2.50198
5.1 2.50836
5.12 2.51473
5.14 2.52109
5.16 2.52744
5.18 2.5338
5.2 2.54014
5.22 2.54648
5.24 2.55281
5.26 2.55914
5.28 2.56546
5.3 2.57178
5.32 2.57809
5.34 2.5844
5.36 2.5907
5.38 2.597
5.4 2.60329
5.42 2.60958
5.44 2.61586
5.46 2.62213
5.48 2.62841
5.5 2.63467
5.52 2.64094
5.54 2.6472
5.56 2.65345
5.58 2.6597
5.6 2.66595
5.62 2.67219
5.64 2.67843
5.66 2.68466
5.68 2.69089
5.7 2.69712
5.72 2.70334
5.74 2.70956
5.76 2.71577
5.78 2.72198
5.8 2.72819
5.82 2.7344
5.84 2.7406
5.86 2.74679
5.88 2.75299
5.9 2.75918
5.92 2.76537
5.94 2.77155
5.96 2.77773
5.98 2.78391
6 2.79008
6.02 2.79626
6.04 2.80243
6.06 2.80859
6.08 2.81476
6.1 2.82092
6.12 2.82707
6.14 2.83323
6.16 2.83938
6.18 2.84553
6.2 2.85168
6.22 2.85782
6.24 2.86397
6.26 2.87011
6.28 2.87624
6.3 2.88238
6.32 2.88851
6.34 2.89464
6.36 2.90077
6.38 2.9069
6.4 2.91302
6.42 2.91914
6.44 2.92526
6.46 2.93138
6.48 2.9375
6.5 2.94361
6.52 2.94972
6.54 2.95583
6.56 2.96194
6.58 2.96805
6.6 2.97415
6.62 2.98025
6.64 2.98635
6.66 2.99245
6.68 2.99855
6.7 3.00465
6.72 3.01074
6.74 3.01683
6.76 3.02292
6.78 3.02901
6.8 3.0351
6.82 3.04119
6.84 3.04727
6.86 3.05335
6.88 3.05944
6.9 3.06552
6.92 3.07159
6.94 3.07767
6.96 3.08375
6.98 3.08982
7 3.0959
7.02 3.10197
7.04 3.10804
7.06 3.11411
7.08 3.12018
7.1 3.12625
7.12 3.13231
7.14 3.13838
7.16 3.14444
7.18 3.1505
7.2 3.15657
7.22 3.16263
7.24 3.16869
7.26 3.17474
7.28 3.1808
7.3 3.18686
7.32 3.19291
7.34 3.19897
7.36 3.20502
7.38 3.21108
7.4 3.21713
7.42 3.22318
7.44 3.22923
7.46 3.23528
7.48 3.24133
7.5 3.24737
7.52 3.25342
7.54 3.25947
7.56 3.26551
7.58 3.27155
7.6 3.2776
7.62 3.28364
7.64 3.28968
7.66 3.29572
7.68 3.30176
7.7 3.3078
7.72 3.31384
7.74 3.31988
7.76 3.32592
7.78 3.33196
7.8 3.33799
7.82 3.34403
7.84 3.35006
7.86 3.3561
7.88 3.36213
7.9 3.36816
7.92 3.3742
7.94 3.38023
7.96 3.38626
7.98 3.39229
8 3.39832
8.02 3.40435
8.04 3.41038
8.06 3.41641
8.08 3.42244
8.1 3.42847
8.12 3.43449
8.14 3.44052
8.16 3.44655
8.18 3.45257
8.2 3.4586
8.22 3.46462
8.24 3.47065
8.26 3.47667
8.28 3.4827
8.3 3.48872
8.32 3.49474
8.34 3.50077
8.36 3.50679
8.38 3.51281
8.4 3.51883
8.42 3.52485
8.44 3.53087
8.46 3.53689
8.48 3.54291
8.5 3.54893
8.52 3.55495
8.54 3.56097
8.56 3.56699
8.58 3.57301
8.6 3.57902
8.62 3.58504
8.64 3.59106
8.66 3.59708
8.68 3.60309
8.7 3.60911
8.72 3.61512
8.74 3.62114
8.76 3.62716
8.78 3.63317
8.8 3.63919
8.82 3.6452
8.84 3.65122
8.86 3.65723
8.88 3.66324
8.9 3.66926
8.92 3.67527
8.94 3.68128
8.96 3.6873
8.98 3.69331
9 3.69932
9.02 3.70533
9.04 3.71135
9.06 3.71736
9.08 3.72337
9.1 3.72938
9.12 3.73539
9.14 3.7414
9.16 3.74741
9.18 3.75342
9.2 3.75943
9.22 3.76544
9.24 3.77145
9.26 3.77746
9.28 3.78347
9.3 3.78948
9.32 3.79549
9.34 3.8015
9.36 3.80751
9.38 3.81352
9.4 3.81953
9.42 3.82554
9.44 3.83155
9.46 3.83755
9.48 3.84356
9.5 3.84957
9.52 3.85558
9.54 3.86159
9.56 3.86759
9.58 3.8736
9.6 3.87961
9.62 3.88561
9.64 3.89162
9.66 3.89763
9.68 3.90363
9.7 3.90964
9.72 3.91565
9.74 3.92165
9.76 3.92766
9.78 3.93367
9.8 3.93967
9.82 3.94568
9.84 3.95168
9.86 3.95769
9.88 3.9637
9.9 3.9697
9.92 3.97571
9.94 3.98171
9.96 3.98772
9.98 3.99372
10 3.99973
10.02 4.00573
10.04 4.01174
10.06 4.01774
10.08 4.02375
10.1 4.02975
10.12 4.03576
10.14 4.04176
10.16 4.04776
10.18 4.05377
10.2 4.05977
10.22 4.06578
10.24 4.07178
10.26 4.07779
10.28 4.08379
10.3 4.08979
10.32 4.0958
10.34 4.1018
10.36 4.1078
10.38 4.11381
10.4 4.11981
10.42 4.12581
10.44 4.13182
10.46 4.13782
10.48 4.14382
10.5 4.14983
10.52 4.15583
10.54 4.16183
10.56 4.16784
10.58 4.17384
10.6 4.17984
10.62 4.18585
10.64 4.19185
10.66 4.19785
10.68 4.20385
10.7 4.20986
10.72 4.21586
10.74 4.22186
10.76 4.22786
10.78 4.23387
10.8 4.23987
10.82 4.24587
10.84 4.25187
10.86 4.25788
10.88 4.26388
10.9 4.26988
10.92 4.27588
10.94 4.28189
10.96 4.28789
10.98 4.29389
11 4.29989
11.02 4.30589
11.04 4.3119
11.06 4.3179
11.08 4.3239
11.1 4.3299
11.12 4.3359
11.14 4.3419
11.16 4.34791
11.18 4.35391
11.2 4.35991
11.22 4.36591
11.24 4.37191
11.26 4.37791
11.28 4.38392
11.3 4.38992
11.32 4.39592
11.34 4.40192
11.36 4.40792
11.38 4.41392
11.4 4.41992
11.42 4.42593
11.44 4.43193
11.46 4.43793
11.48 4.44393
11.5 4.44993
11.52 4.45593
11.54 4.46193
11.56 4.46794
11.58 4.47394
11.6 4.47994
11.62 4.48594
11.64 4.49194
11.66 4.49794
11.68 4.50394
11.7 4.50994
11.72 4.51594
11.74 4.52195
11.76 4.52795
11.78 4.53395
11.8 4.53995
11.82 4.54595
11.84 4.55195
11.86 4.55795
11.88 4.56395
11.9 4.56995
11.92 4.57595
11.94 4.58195
11.96 4.58796
11.98 4.59396
12 4.59996
12.02 4.60596
12.04 4.61196
12.06 4.61796
12.08 4.62396
12.1 4.62996
12.12 4.63596
12.14 4.64196
12.16 4.64796
12.18 4.65396
12.2 4.65996
12.22 4.66596
12.24 4.67197
12.26 4.67797
12.28 4.68397
12.3 4.68997
12.32 4.69597
12.34 4.70197
12.36 4.70797
12.38 4.71397
12.4 4.71997
12.42 4.72597
12.44 4.73197
12.46 4.73797
12.48 4.74397
12.5 4.74997
12.52 4.75597
12.54 4.76197
12.56 4.76797
12.58 4.77397
12.6 4.77998
12.62 4.78598
12.64 4.79198
12.66 4.79798
12.68 4.80398
12.7 4.80998
12.72 4.81598
12.74 4.82198
12.76 4.82798
12.78 4.83398
12.8 4.83998
12.82 4.84598
12.84 4.85198
12.86 4.85798
12.88 4.86398
12.9 4.86998
12.92 4.87598
12.94 4.88198
12.96 4.88798
12.98 4.89398
13 4.89998
13.02 4.90598
13.04 4.91198
13.06 4.91798
13.08 4.92398
13.1 4.92998
13.12 4.93598
13.14 4.94199
13.16 4.94799
13.18 4.95399
13.2 4.95999
13.22 4.96599
13.24 4.97199
13.26 4.97799
13.28 4.98399
13.3 4.98999
13.32 4.99599
13.34 5.00199
13.36 5.00799
13.38 5.01399
13.4 5.01999
13.42 5.02599
13.44 5.03199
13.46 5.03799
13.48 5.04399
13.5 5.04999
13.52 5.05599
13.54 5.06199
13.56 5.06799
13.58 5.07399
13.6 5.07999
13.62 5.08599
13.64 5.09199
13.66 5.09799
13.68 5.10399
13.7 5.10999
13.72 5.11599
13.74 5.12199
13.76 5.12799
13.78 5.13399
13.8 5.13999
13.82 5.14599
13.84 5.15199
13.86 5.15799
13.88 5.16399
13.9 5.16999
13.92 5.17599
13.94 5.18199
13.96 5.18799
13.98 5.19399
14 5.19999
14.02 5.20599
14.04 5.21199
14.06 5.21799
14.08 5.22399
14.1 5.22999
14.12 5.23599
14.14 5.24199
14.16 5.24799
14.18 5.25399
14.2 5.25999
14.22 5.26599
14.24 5.27199
14.26 5.27799
14.28 5.28399
14.3 5.28999
14.32 5.296
14.34 5.302
14.36 5.308
14.38 5.314
14.4 5.32
14.42 5.326
14.44 5.332
14.46 5.338
14.48 5.344
14.5 5.35
14.52 5.356
14.54 5.362
14.56 5.368
14.58 5.374
14.6 5.38
14.62 5.386
14.64 5.392
14.66 5.398
14.68 5.404
14.7 5.41
14.72 5.416
14.74 5.422
14.76 5.428
14.78 5.434
14.8 5.44
14.82 5.446
14.84 5.452
14.86 5.458
14.88 5.464
14.9 5.47
14.92 5.476
14.94 5.482
14.96 5.488
14.98 5.494
15 5.5
15.02 5.506
15.04 5.512
15.06 5.518
15.08 5.524
15.1 5.53
15.12 5.536
15.14 5.542
15.16 5.548
15.18 5.554
15.2 5.56
15.22 5.566
15.24 5.572
15.26 5.578
15.28 5.584
15.3 5.59
15.32 5.596
15.34 5.602
15.36 5.608
15.38 5.614
15.4 5.62
15.42 5.626
15.44 5.632
15.46 5.638
15.48 5.644
15.5 5.65
15.52 5.656
15.54 5.662
15.56 5.668
15.58 5.674
15.6 5.68
15.62 5.686
15.64 5.692
15.66 5.698
15.68 5.704
15.7 5.71
15.72 5.716
15.74 5.722
15.76 5.728
15.78 5.734
15.8 5.74
15.82 5.746
15.84 5.752
15.86 5.758
15.88 5.764
15.9 5.77
15.92 5.776
15.94 5.782
15.96 5.788
15.98 5.794
16 5.8
16.02 5.806
16.04 5.812
16.06 5.818
16.08 5.824
16.1 5.83
16.12 5.836
16.14 5.842
16.16 5.848
16.18 5.854
16.2 5.86
16.22 5.866
16.24 5.872
16.26 5.878
16.28 5.884
16.3 5.89
16.32 5.896
16.34 5.902
16.36 5.908
16.38 5.914
16.4 5.92
16.42 5.926
16.44 5.932
16.46 5.938
16.48 5.944
16.5 5.95
16.52 5.956
16.54 5.962
16.56 5.968
16.58 5.974
16.6 5.98
16.62 5.986
16.64 5.992
16.66 5.998
16.68 6.004
16.7 6.01
16.72 6.016
16.74 6.022
16.76 6.028
16.78 6.034
16.8 6.04
16.82 6.046
16.84 6.052
16.86 6.058
16.88 6.064
16.9 6.07
16.92 6.076
16.94 6.082
16.96 6.088
16.98 6.094
17 6.1
17.02 6.106
17.04 6.112
17.06 6.118
17.08 6.124
17.1 6.13
17.12 6.136
17.14 6.142
17.16 6.148
17.18 6.154
17.2 6.16
17.22 6.166
17.24 6.172
17.26 6.178
17.28 6.184
17.3 6.19
17.32 6.196
17.34 6.202
17.36 6.208
17.38 6.214
17.4 6.22
17.42 6.226
17.44 6.232
17.46 6.238
17.48 6.244
17.5 6.25
17.52 6.256
17.54 6.262
17.56 6.268
17.58 6.274
17.6 6.28
17.62 6.286
17.64 6.292
17.66 6.298
17.68 6.304
17.7 6.31
17.72 6.316
17.74 6.322
17.76 6.328
17.78 6.334
17.8 6.34
17.82 6.346
17.84 6.352
17.86 6.358
17.88 6.364
17.9 6.37
17.92 6.376
17.94 6.382
17.96 6.388
17.98 6.394
18 6.4
18.02 6.406
18.04 6.412
18.06 6.418
18.08 6.424
18.1 6.43
18.12 6.436
18.14 6.442
18.16 6.448
18.18 6.454
18.2 6.46
18.22 6.466
18.24 6.472
18.26 6.478
18.28 6.484
18.3 6.49
18.32 6.496
18.34 6.502
18.36 6.508
18.38 6.514
18.4 6.52
18.42 6.526
18.44 6.532
18.46 6.538
18.48 6.544
18.5 6.55
18.52 6.556
18.54 6.562
18.56 6.568
18.58 6.574
18.6 6.58
18.62 6.586
18.64 6.592
18.66 6.598
18.68 6.604
18.7 6.61
18.72 6.616
18.74 6.622
18.76 6.628
18.78 6.634
18.8 6.64
18.82 6.646
18.84 6.652
18.86 6.658
18.88 6.664
18.9 6.67
18.92 6.676
18.94 6.682
18.96 6.688
18.98 6.694
19 6.7
19.02 6.706
19.04 6.712
19.06 6.718
19.08 6.724
19.1 6.73
19.12 6.736
19.14 6.742
19.16 6.748
19.18 6.754
19.2 6.76
19.22 6.766
19.24 6.772
19.26 6.778
19.28 6.784
19.3 6.79
19.32 6.796
19.34 6.802
19.36 6.808
19.38 6.814
19.4 6.82
19.42 6.826
19.44 6.832
19.46 6.838
19.48 6.844
19.5 6.85
19.52 6.856
19.54 6.862
19.56 6.868
19.58 6.874
19.6 6.88
19.62 6.886
19.64 6.892
19.66 6.898
19.68 6.904
19.7 6.91
19.72 6.916
19.74 6.922
19.76 6.928
19.78 6.934
19.8 6.94
19.82 6.946
19.84 6.952
19.86 6.958
19.88 6.964
19.9 6.97
19.92 6.976
19.94 6.982
19.96 6.988
19.98 6.994
20 7
20.02 7.006


0 0
0.02 0.0199993
0.04 0.0399948
0.06 0.0599825
0.08 0.079959
0.1 0.0999207
0.12 0.119864
0.14 0.139787
0.16 0.159685
0.18 0.179555
0.2 0.199396
0.22 0.219204
0.24 0.238977
0.26 0.258712
0.28 0.278407
0.3 0.298059
0.32 0.317667
0.34 0.337229
0.36 0.356742
0.38 0.376205
0.4 0.395616
0.42 0.414973
0.44 0.434276
0.46 0.453521
0.48 0.472709
0.5 0.491837
0.52 0.510904
0.54 0.52991
0.56 0.548852
0.58 0.567731
0.6 0.586545
0.62 0.605293
0.64 0.623974
0.66 0.642588
0.68 0.661133
0.7 0.67961
0.72 0.698017
0.74 0.716354
0.76 0.73462
0.78 0.752816
0.8 0.770939
0.82 0.788991
0.84 0.806971
0.86 0.824878
0.88 0.842713
0.9 0.860474
0.92 0.878162
0.94 0.895777
0.96 0.913319
0.98 0.930786
1 0.948181
1.02 0.965502
1.04 0.982749
1.06 0.999923
1.08 1.01702
1.1 1.03405
1.12 1.051
1.14 1.06788
1.16 1.08469
1.18 1.10143
1.2 1.11809
1.22 1.13468
1.24 1.1512
1.26 1.16764
1.28 1.18402
1.3 1.20032
1.32 1.21656
1.34 1.23272
1.36 1.24881
1.38 1.26483
1.4 1.28079
1.42 1.29667
1.44 1.31248
1.46 1.32823
1.48 1.34391
1.5 1.35952
1.52 1.37507
1.54 1.39055
1.56 1.40596
1.58 1.4213
1.6 1.43659
1.62 1.4518
1.64 1.46696
1.66 1.48205
1.68 1.49707
1.7 1.51204
1.72 1.52694
1.74 1.54178
1.76 1.55656
1.78 1.57127
1.8 1.58593
1.82 1.60053
1.84 1.61507
1.86 1.62955
1.88 1.64398
1.9 1.65834
1.92 1.67265
1.94 1.6869
1.96 1.7011
1.98 1.71524
2 1.72933
2.02 1.74336
2.04 1.75734
2.06 1.77127
2.08 1.78514
2.1 1.79896
2.12 1.81273
2.14 1.82645
2.16 1.84012
2.18 1.85374
2.2 1.86731
2.22 1.88083
2.24 1.89431
2.26 1.90773
2.28 1.92111
2.3 1.93444
2.32 1.94773
2.34 1.96097
2.36 1.97416
2.38 1.98731
2.4 2.00042
2.42 2.01348
2.44 2.0265
2.46 2.03948
2.48 2.05242
2.5 2.06531
2.52 2.07816
2.54 2.09097
2.56 2.10375
2.58 2.11648
2.6 2.12917
2.62 2.14183
2.64 2.15444
2.66 2.16702
2.68 2.17956
2.7 2.19207
2.72 2.20454
2.74 2.21697
2.76 2.22937
2.78 2.24173
2.8 2.25406
2.82 2.26635
2.84 2.27861
2.86 2.29084
2.88 2.30303
2.9 2.31519
2.92 2.32732
2.94 2.33942
2.96 2.35149
2.98 2.36353
3 2.37553
3.02 2.38751
3.04 2.39946
3.06 2.41137
3.08 2.42326
3.1 2.43512
3.12 2.44696
3.14 2.45876
3.16 2.47054
3.18 2.48229
3.2 2.49402
3.22 2.50572
3.24 2.51739
3.26 2.52904
3.28 2.54066
3.3 2.55226
3.32 2.56383
3.34 2.57538
3.36 2.58691
3.38 2.59841
3.4 2.60989
3.42 2.62135
3.44 2.63278
3.46 2.6442
3.48 2.65559
3.5 2.66696
3.52 2.67831
3.54 2.68963
3.56 2.70094
3.58 2.71223
3.6 2.72349
3.62 2.73474
3.64 2.74597
3.66 2.75718
3.68 2.76837
3.7 2.77954
3.72 2.79069
3.74 2.80183
3.76 2.81294
3.78 2.82404
3.8 2.83512
3.82 2.84619
3.84 2.85724
3.86 2.86827
3.88 2.87929
3.9 2.89029
3.92 2.90127
3.94 2.91224
3.96 2.92319
3.98 2.93413
4 2.94505
4.02 2.95596
4.04 2.96686
4.06 2.97774
4.08 2.9886
4.1 2.99945
4.12 3.01029
4.14 3.02112
4.16 3.03193
4.18 3.04273
4.2 3.05351
4.22 3.06429
4.24 3.07505
4.26 3.0858
4.28 3.09653
4.3 3.10726
4.32 3.11797
4.34 3.12867
4.36 3.13936
4.38 3.15004
4.4 3.16071
4.42 3.17137
4.44 3.18202
4.46 3.19265
4.48 3.20328
4.5 3.2139
4.52 3.2245
4.54 3.2351
4.56 3.24568
4.58 3.25626
4.6 3.26683
4.62 3.27739
4.64 3.28794
4.66 3.29848
4.68 3.30901
4.7 3.31953
4.72 3.33005
4.74 3.34055
4.76 3.35105
4.78 3.36154
4.8 3.37202
4.82 3.38249
4.84 3.39296
4.86 3.40342
4.88 3.41387
4.9 3.42431
4.92 3.43475
4.94 3.44517
4.96 3.4556
4.98 3.46601
5 3.47642
5.02 3.48682
5.04 3.49721
5.06 3.5076
5.08 3.51798
5.1 3.52836
5.12 3.53873
5.14 3.54909
5.16 3.55944
5.18 3.5698
5.2 3.58014
5.22 3.59048
5.24 3.60081
5.26 3.61114
5.28 3.62146
5.3 3.63178
5.32 3.64209
5.34 3.6524
5.36 3.6627
5.38 3.673
5.4 3.68329
5.42 3.69358
5.44 3.70386
5.46 3.71413
5.48 3.72441
5.5 3.73467
5.52 3.74494
5.54 3.7552
5.56 3.76545
5.58 3.7757
5.6 3.78595
5.62 3.79619
5.64 3.80643
5.66 3.81666
5.68 3.82689
5.7 3.83712
5.72 3.84734
5.74 3.85756
5.76 3.86777
5.78 3.87798
5.8 3.88819
5.82 3.8984
5.84 3.9086
5.86 3.91879
5.88 3.92899
5.9 3.93918
5.92 3.94937
5.94 3.95955
5.96 3.96973
5.98 3.97991
6 3.99008
6.02 4.00026
6.04 4.01043
6.06 4.02059
6.08 4.03076
6.1 4.04092
6.12 4.05107
6.14 4.06123
6.16 4.07138
6.18 4.08153
6.2 4.09168
6.22 4.10182
6.24 4.11197
6.26 4.12211
6.28 4.13224
6.3 4.14238
6.32 4.15251
6.34 4.16264
6.36 4.17277
6.38 4.1829
6.4 4.19302
6.42 4.20314
6.44 4.21326
6.46 4.22338
6.48 4.2335
6.5 4.24361
6.52 4.25372
6.54 4.26383
6.56 4.27394
6.58 4.28405
6.6 4.29415
6.62 4.30425
6.64 4.31435
6.66 4.32445
6.68 4.33455
6.7 4.34465
6.72 4.35474
6.74 4.36483
6.76 4.37492
6.78 4.38501
6.8 4.3951
6.82 4.40519
6.84 4.41527
6.86 4.42535
6.88 4.43544
6.9 4.44552
6.92 4.45559
6.94 4.46567
6.96 4.47575
6.98 4.48582
7 4.4959
7.02 4.50597
7.04 4.51604
7.06 4.52611
7.08 4.53618
7.1 4.54625
7.12 4.55631
7.14 4.56638
7.16 4.57644
7.18 4.5865
7.2 4.59657
7.22 4.60663
7.24 4.61669
7.26 4.62674
7.28 4.6368
7.3 4.64686
7.32 4.65691
7.34 4.66697
7.36 4.67702
7.38 4.68708
7.4 4.69713
7.42 4.70718
7.44 4.71723
7.46 4.72728
7.48 4.73733
7.5 4.74737
7.52 4.75742
7.54 4.76747
7.56 4.77751
7.58 4.78755
7.6 4.7976
7.62 4.80764
7.64 4.81768
7.66 4.82772
7.68 4.83776
7.7 4.8478
7.72 4.85784
7.74 4.86788
7.76 4.87792
7.78 4.88796
7.8 4.89799
7.82 4.90803
7.84 4.91806
7.86 4.9281
7.88 4.93813
7.9 4.94816
7.92 4.9582
7.94 4.96823
7.96 4.97826
7.98 4.98829
8 4.99832
8.02 5.00835
8.04 5.01838
8.06 5.02841
8.08 5.03844
8.1 5.04847
8.12 5.05849
8.14 5.06852
8.16 5.07855
8.18 5.08857
8.2 5.0986
8.22 5.10862
8.24 5.11865
8.26 5.12867
8.28 5.1387
8.3 5.14872
8.32 5.15874
8.34 5.16877
8.36 5.17879
8.38 5.18881
8.4 5.19883
8.42 5.20885
8.44 5.21887
8.46 5.22889
8.48 5.23891
8.5 5.24893
8.52 5.25895
8.54 5.26897
8.56 5.27899
8.58 5.28901
8.6 5.29902
8.62 5.30904
8.64 5.31906
8.66 5.32908
8.68 5.33909
8.7 5.34911
8.72 5.35912
8.74 5.36914
8.76 5.37916
8.78 5.38917
8.8 5.39919
8.82 5.4092
8.84 5.41922
8.86 5.42923
8.88 5.43924
8.9 5.44926
8.92 5.45927
8.94 5.46928
8.96 5.4793
8.98 5.48931
9 5.49932
9.02 5.50933
9.04 5.51935
9.06 5.52936
9.08 5.53937
9.1 5.54938
9.12 5.55939
9.14 5.5694
9.16 5.57941
9.18 5.58942
9.2 5.59943
9.22 5.60944
9.24 5.61945
9.26 5.62946
9.28 5.63947
9.3 5.64948
9.32 5.65949
9.34 5.6695
9.36 5.67951
9.38 5.68952
9.4 5.69953
9.42 5.70954
9.44 5.71955
9.46 5.72955
9.48 5.73956
9.5 5.74957
9.52 5.75958
9.54 5.76959
9.56 5.77959
9.58 5.7896
9.6 5.79961
9.62 5.80961
9.64 5.81962
9.66 5.82963
9.68 5.83963
9.7 5.84964
9.72 5.85965
9.74 5.86965
9.76 5.87966
9.78 5.88967
9.8 5.89967
9.82 5.90968
9.84 5.91968
9.86 5.92969
9.88 5.9397
9.9 5.9497
9.92 5.95971
9.94 5.96971
9.96 5.97972
9.98 5.98972
10 5.99973
10.02 6.00973
10.04 6.01974
10.06 6.02974
10.08 6.03975
10.1 6.04975
10.12 6.05976
10.14 6.06976
10.16 6.07976
10.18 6.08977
10.2 6.09977
10.22 6.10978
10.24 6.11978
10.26 6.12979
10.28 6.13979
10.3 6.14979
10.32 6.1598
10.34 6.1698
10.36 6.1798
10.38 6.18981
10.4 6.19981
10.42 6.20981
10.44 6.21982
10.46 6.22982
10.48 6.23982
10.5 6.24983
10.52 6.25983
10.54 6.26983
10.56 6.27984
10.58 6.28984
10.6 6.29984
10.62 6.30985
10.64 6.31985
10.66 6.32985
10.68 6.33985
10.7 6.34986
10.72 6.35986
10.74 6.36986
10.76 6.37986
10.78 6.38987
10.8 6.39987
10.82 6.40987
10.84 6.41987
10.86 6.42988
10.88 6.43988
10.9 6.44988
10.92 6.45988
10.94 6.46989
10.96 6.47989
10.98 6.48989
11 6.49989
11.02 6.50989
11.04 6.5199
11.06 6.5299
11.08 6.5399
11.1 6.5499
11.12 6.5599
11.14 6.5699
11.16 6.57991
11.18 6.58991
11.2 6.59991
11.22 6.60991
11.24 6.61991
11.26 6.62991
11.28 6.63992
11.3 6.64992
11.32 6.65992
11.34 6.66992
11.36 6.67992
11.38 6.68992
11.4 6.69992
11.42 6.70993
11.44 6.71993
11.46 6.72993
11.48 6.73993
11.5 6.74993
11.52 6.75993
11.54 6.76993
11.56 6.77994
11.58 6.78994
11.6 6.79994
11.62 6.80994
11.64 6.81994
11.66 6.82994
11.68 6.83994
11.7 6.84994
11.72 6.85994
11.74 6.86995
11.76 6.87995
11.78 6.88995
11.8 6.89995
11.82 6.90995
11.84 6.91995
11.86 6.92995
11.88 6.93995
11.9 6.94995
11.92 6.95995
11.94 6.96995
11.96 6.97996
11.98 6.98996
12 6.99996
12.02 7.00996
12.04 7.01996
12.06 7.02996
12.08 7.03996
12.1 7.04996
12.12 7.05996
12.14 7.06996
12.16 7.07996
12.18 7.08996
12.2 7.09996
12.22 7.10996
12.24 7.11997
12.26 7.12997
12.28 7.13997
12.3 7.14997
12.32 7.15997
12.34 7.16997
12.36 7.17997
12.38 7.18997
12.4 7.19997
12.42 7.20997
12.44 7.21997
12.46 7.22997
12.48 7.23997
12.5 7.24997
12.52 7.25997
12.54 7.26997
12.56 7.27997
12.58 7.28997
12.6 7.29998
12.62 7.30998
12.64 7.31998
12.66 7.32998
12.68 7.33998
12.7 7.34998
12.72 7.35998
12.74 7.36998
12.76 7.37998
12.78 7.38998
12.8 7.39998
12.82 7.40998
12.84 7.41998
12.86 7.42998
12.88 7.43998
12.9 7.44998
12.92 7.45998
12.94 7.46998
12.96 7.47998
12.98 7.48998
13 7.49998
13.02 7.50998
13.04 7.51998
13.06 7.52998
13.08 7.53998
13.1 7.54998
13.12 7.55998
13.14 7.56999
13.16 7.57999
13.18 7.58999
13.2 7.59999
13.22 7.60999
13.24 7.61999
13.26 7.62999
13.28 7.63999
13.3 7.64999
13.32 7.65999
13.34 7.66999
13.36 7.67999
13.38 7.68999
13.4 7.69999
13.42 7.70999
13.44 7.71999
13.46 7.72999
13.48 7.73999
13.5 7.74999
13.52 7.75999
13.54 7.76999
13.56 7.77999
13.58 7.78999
13.6 7.79999
13.62 7.80999
13.64 7.81999
13.66 7.82999
13.68 7.83999
13.7 7.84999
13.72 7.85999
13.74 7.86999
13.76 7.87999
13.78 7.88999
13.8 7.89999
13.82 7.90999
13.84 7.91999
13.86 7.92999
13.88 7.93999
13.9 7.94999
13.92 7.95999
13.94 7.96999
13.96 7.97999
13.98 7.98999
14 7.99999
14.02 8.00999
14.04 8.01999
14.06 8.02999
14.08 8.03999
14.1 8.04999
14.12 8.05999
14.14 8.06999
14.16 8.07999
14.18 8.08999
14.2 8.09999
14.22 8.10999
14.24 8.11999
14.26 8.12999
14.28 8.13999
14.3 8.14999
14.32 8.16
14.34 8.17
14.36 8.18
14.38 8.19
14.4 8.2
14.42 8.21
14.44 8.22
14.46 8.23
14.48 8.24
14.5 8.25
14.52 8.26
14.54 8.27
14.56 8.28
14.58 8.29
14.6 8.3
14.62 8.31
14.64 8.32
14.66 8.33
14.68 8.34
14.7 8.35
14.72 8.36
14.74 8.37
14.76 8.38
14.78 8.39
14.8 8.4
14.82 8.41
14.84 8.42
14.86 8.43
14.88 8.44
14.9 8.45
14.92 8.46
14.94 8.47
14.96 8.48
14.98 8.49
15 8.5
15.02 8.51
15.04 8.52
15.06 8.53
15.08 8.54
15.1 8.55
15.12 8.56
15.14 8.57
15.16 8.58
15.18 8.59
15.2 8.6
15.22 8.61
15.24 8.62
15.26 8.63
15.28 8.64
15.3 8.65
15.32 8.66
15.34 8.67
15.36 8.68
15.38 8.69
15.4 8.7
15.42 8.71
15.44 8.72
15.46 8.73
15.48 8.74
15.5 8.75
15.52 8.76
15.54 8.77
15.56 8.78
15.58 8.79
15.6 8.8
15.62 8.81
15.64 8.82
15.66 8.83
15.68 8.84
15.7 8.85
15.72 8.86
15.74 8.87
15.76 8.88
15.78 8.89
15.8 8.9
15.82 8.91
15.84 8.92
15.86 8.93
15.88 8.94
15.9 8.95
15.92 8.96
15.94 8.97
15.96 8.98
15.98 8.99
16 9
16.02 9.01
16.04 9.02
16.06 9.03
16.08 9.04
16.1 9.05
16.12 9.06
16.14 9.07
16.16 9.08
16.18 9.09
16.2 9.1
16.22 9.11
16.24 9.12
16.26 9.13
16.28 9.14
16.3 9.15
16.32 9.16
16.34 9.17
16.36 9.18
16.38 9.19
16.4 9.2
16.42 9.21
16.44 9.22
16.46 9.23
16.48 9.24
16.5 9.25
16.52 9.26
16.54 9.27
16.56 9.28
16.58 9.29
16.6 9.3
16.62 9.31
16.64 9.32
16.66 9.33
16.68 9.34
16.7 9.35
16.72 9.36
16.74 9.37
16.76 9.38
16.78 9.39
16.8 9.4
16.82 9.41
16.84 9.42
16.86 9.43
16.88 9.44
16.9 9.45
16.92 9.46
16.94 9.47
16.96 9.48
16.98 9.49
17 9.5
17.02 9.51
17.04 9.52
17.06 9.53
17.08 9.54
17.1 9.55
17.12 9.56
17.14 9.57
17.16 9.58
17.18 9.59
17.2 9.6
17.22 9.61
17.24 9.62
17.26 9.63
17.28 9.64
17.3 9.65
17.32 9.66
17.34 9.67
17.36 9.68
17.38 9.69
17.4 9.7
17.42 9.71
17.44 9.72
17.46 9.73
17.48 9.74
17.5 9.75
17.52 9.76
17.54 9.77
17.56 9.78
17.58 9.79
17.6 9.8
17.62 9.81
17.64 9.82
17.66 9.83
17.68 9.84
17.7 9.85
17.72 9.86
17.74 9.87
17.76 9.88
17.78 9.89
17.8 9.9
17.82 9.91
17.84 9.92
17.86 9.93
17.88 9.94
17.9 9.95
17.92 9.96
17.94 9.97
17.96 9.98
17.98 9.99
18 10
18.02 10.01
18.04 10.02
18.06 10.03
18.08 10.04
18.1 10.05
18.12 10.06
18.14 10.07
18.16 10.08
18.18 10.09
18.2 10.1
18.22 10.11
18.24 10.12
18.26 10.13
18.28 10.14
18.3 10.15
18.32 10.16
18.34 10.17
18.36 10.18
18.38 10.19
18.4 10.2
18.42 10.21
18.44 10.22
18.46 10.23
18.48 10.24
18.5 10.25
18.52 10.26
18.54 10.27
18.56 10.28
18.58 10.29
18.6 10.3
18.62 10.31
18.64 10.32
18.66 10.33
18.68 10.34
18.7 10.35
18.72 10.36
18.74 10.37
18.76 10.38
18.78 10.39
18.8 10.4
18.82 10.41
18.84 10.42
18.86 10.43
18.88 10.44
18.9 10.45
18.92 10.46
18.94 10.47
18.96 10.48
18.98 10.49
19 10.5
19.02 10.51
19.04 10.52
19.06 10.53
19.08 10.54
19.1 10.55
19.12 10.56
19.14 10.57
19.16 10.58
19.18 10.59
19.2 10.6
19.22 10.61
19.24 10.62
19.26 10.63
19.28 10.64
19.3 10.65
19.32 10.66
19.34 10.67
19.36 10.68
19.38 10.69
19.4 10.7
19.42 10.71
19.44 10.72
19.46 10.73
19.48 10.74
19.5 10.75
19.52 10.76
19.54 10.77
19.56 10.78
19.58 10.79
19.6 10.8
19.62 10.81
19.64 10.82
19.66 10.83
19.68 10.84
19.7 10.85
19.72 10.86
19.74 10.87
19.76 10.88
19.78 10.89
19.8 10.9
19.82 10.91
19.84 10.92
19.86 10.93
19.88 10.94
19.9 10.95
19.92 10.96
19.94 10.97
19.96 10.98
19.98 10.99
20 11
20.02 11.01


