1 0.993 
2 0.978 
3 0.967 
4 0.958 
5 0.949 
6 0.947 
7 0.934 
8 0.926 
9 0.91 
10 0.904 
11 0.895 
12 0.886 
13 0.877 
14 0.871 
15 0.865 
16 0.859 
17 0.849 
18 0.845 
19 0.841 
20 0.831 
21 0.824 
22 0.816 
23 0.805 
24 0.801 
25 0.792 
26 0.789 
27 0.782 
28 0.768 
29 0.767 
30 0.762 
31 0.755 
32 0.749 
33 0.743 
34 0.737 
35 0.731 
36 0.726 
37 0.718 
38 0.712 
39 0.703 
40 0.696 
41 0.688 
42 0.68 
43 0.676 
44 0.665 
45 0.659 
46 0.647 
47 0.638 
48 0.629 
49 0.624 
50 0.62 
51 0.615 
52 0.611 
53 0.603 
54 0.597 
55 0.591 
56 0.59 
57 0.586 
58 0.573 
59 0.565 
60 0.561 
61 0.554 
62 0.546 
63 0.543 
64 0.537 
65 0.533 
66 0.528 
67 0.521 
68 0.511 
69 0.504 
70 0.498 
71 0.494 
72 0.489 
73 0.482 
74 0.475 
75 0.472 
76 0.47 
77 0.469 
78 0.463 
79 0.454 
80 0.452 
81 0.448 
82 0.441 
83 0.438 
84 0.432 
85 0.431 
86 0.43 
87 0.426 
88 0.422 
89 0.42 
90 0.42 
91 0.418 
92 0.412 
93 0.41 
94 0.406 
95 0.4 
96 0.393 
97 0.388 
98 0.384 
99 0.378 
100 0.375 
101 0.371 
102 0.368 
103 0.365 
104 0.359 
105 0.355 
106 0.351 
107 0.349 
108 0.346 
109 0.342 
110 0.339 
111 0.332 
112 0.325 
113 0.322 
114 0.318 
115 0.317 
116 0.317 
117 0.312 
118 0.309 
119 0.306 
120 0.304 
121 0.299 
122 0.294 
123 0.292 
124 0.291 
125 0.29 
126 0.286 
127 0.281 
128 0.278 
129 0.273 
130 0.272 
131 0.271 
132 0.268 
133 0.262 
134 0.259 
135 0.259 
136 0.252 
137 0.248 
138 0.248 
139 0.245 
140 0.244 
141 0.243 
142 0.242 
143 0.242 
144 0.239 
145 0.237 
146 0.236 
147 0.232 
148 0.232 
149 0.232 
150 0.23 
151 0.227 
152 0.222 
153 0.219 
154 0.216 
155 0.213 
156 0.211 
157 0.21 
158 0.208 
159 0.207 
160 0.205 
161 0.204 
162 0.202 
163 0.2 
164 0.199 
165 0.198 
166 0.198 
167 0.196 
168 0.196 
169 0.195 
170 0.191 
171 0.189 
172 0.188 
173 0.187 
174 0.185 
175 0.184 
176 0.184 
177 0.183 
178 0.182 
179 0.181 
180 0.179 
181 0.177 
182 0.176 
183 0.17 
184 0.167 
185 0.166 
186 0.162 
187 0.158 
188 0.157 
189 0.156 
190 0.156 
191 0.154 
192 0.153 
193 0.152 
194 0.151 
195 0.149 
196 0.147 
197 0.146 
198 0.145 
199 0.144 
200 0.143 
201 0.142 
202 0.142 
203 0.141 
204 0.14 
205 0.138 
206 0.136 
207 0.133 
208 0.133 
209 0.133 
210 0.13 
211 0.129 
212 0.129 
213 0.127 
214 0.126 
215 0.122 
216 0.121 
217 0.12 
218 0.118 
219 0.118 
220 0.117 
221 0.116 
222 0.114 
223 0.113 
224 0.112 
225 0.112 
226 0.11 
227 0.108 
228 0.105 
229 0.103 
230 0.102 
231 0.102 
232 0.101 
233 0.1 
234 0.098 
235 0.096 
236 0.095 
237 0.094 
238 0.094 
239 0.091 
240 0.089 
241 0.089 
242 0.088 
243 0.086 
244 0.085 
245 0.084 
246 0.081 
247 0.08 
248 0.08 
249 0.08 
250 0.08 
251 0.08 
252 0.079 
253 0.078 
254 0.077 
255 0.077 
256 0.077 
257 0.076 
258 0.075 
259 0.074 
260 0.073 
261 0.073 
262 0.072 
263 0.071 
264 0.071 
265 0.071 
266 0.071 
267 0.069 
268 0.069 
269 0.069 
270 0.068 
271 0.067 
272 0.067 
273 0.066 
274 0.065 
275 0.064 
276 0.064 
277 0.063 
278 0.063 
279 0.063 
280 0.063 
281 0.063 
282 0.063 
283 0.063 
284 0.061 
285 0.06 
286 0.06 
287 0.059 
288 0.057 
289 0.057 
290 0.057 
291 0.057 
292 0.056 
293 0.056 
294 0.056 
295 0.056 
296 0.056 
297 0.054 
298 0.054 
299 0.053 
300 0.053 
301 0.053 
302 0.053 
303 0.053 
304 0.053 
305 0.053 
306 0.053 
307 0.052 
308 0.052 
309 0.051 
310 0.051 
311 0.051 
312 0.051 
313 0.051 
314 0.051 
315 0.051 
316 0.051 
317 0.051 
318 0.05 
319 0.05 
320 0.05 
321 0.049 
322 0.049 
323 0.049 
324 0.048 
325 0.048 
326 0.048 
327 0.048 
328 0.048 
329 0.048 
330 0.048 
331 0.046 
332 0.046 
333 0.046 
334 0.046 
335 0.046 
336 0.046 
337 0.045 
338 0.045 
339 0.044 
340 0.044 
341 0.043 
342 0.042 
343 0.041 
344 0.041 
345 0.041 
346 0.04 
347 0.039 
348 0.039 
349 0.039 
350 0.039 
351 0.038 
352 0.036 
353 0.036 
354 0.035 
355 0.033 
356 0.032 
357 0.032 
358 0.032 
359 0.032 
360 0.031 
361 0.031 
362 0.031 
363 0.031 
364 0.03 
365 0.03 
366 0.03 
367 0.029 
368 0.029 
369 0.029 
370 0.029 
371 0.029 
372 0.029 
373 0.029 
374 0.029 
375 0.029 
376 0.029 
377 0.028 
378 0.028 
379 0.028 
380 0.028 
381 0.028 
382 0.027 
383 0.026 
384 0.026 
385 0.025 
386 0.024 
387 0.024 
388 0.024 
389 0.024 
390 0.023 
391 0.023 
392 0.022 
393 0.021 
394 0.02 
395 0.02 
396 0.02 
397 0.02 
398 0.02 
399 0.02 
400 0.02 
401 0.02 
402 0.02 
403 0.02 
404 0.018 
405 0.018 
406 0.018 
407 0.018 
408 0.018 
409 0.016 
410 0.016 
411 0.016 
412 0.016 
413 0.016 
414 0.016 
415 0.016 
416 0.016 
417 0.016 
418 0.016 
419 0.016 
420 0.016 
421 0.016 
422 0.016 
423 0.015 
424 0.015 
425 0.015 
426 0.015 
427 0.015 
428 0.014 
429 0.014 
430 0.014 
431 0.014 
432 0.014 
433 0.014 
434 0.014 
435 0.014 
436 0.014 
437 0.013 
438 0.013 
439 0.013 
440 0.013 
441 0.013 
442 0.013 
443 0.013 
444 0.013 
445 0.013 
446 0.011 
447 0.011 
448 0.011 
449 0.011 
450 0.011 
451 0.011 
452 0.011 
453 0.011 
454 0.011 
455 0.011 
456 0.011 
457 0.011 
458 0.011 
459 0.011 
460 0.011 
461 0.011 
462 0.011 
463 0.011 
464 0.011 
465 0.011 
466 0.011 
467 0.011 
468 0.011 
469 0.011 
470 0.011 
471 0.011 
472 0.011 
473 0.011 
474 0.011 
475 0.011 
476 0.011 
477 0.011 
478 0.011 
479 0.011 
480 0.011 
481 0.011 
482 0.011 
483 0.011 
484 0.011 
485 0.011 
486 0.011 
487 0.011 
488 0.011 
489 0.011 
490 0.011 
491 0.011 
492 0.011 
493 0.011 
494 0.011 
495 0.011 
496 0.01 
