-0.244717 0.700381 
-0.235915 0.28713 
-0.244117 0.302478 
-0.120921 0.157314 
0.600426 0.164827 
0.621407 0.286386 
-0.497151 0.229046 
0.0866411 0.319495 
0.309395 0.175732 
-0.412524 0.198666 
-0.336883 0.134499 
-0.651575 0.315751 
-0.0305485 0.792646 
0.0632367 0.483538 
0.448525 0.175134 
0.674445 0.21091 
-0.471816 0.290295 
-0.0178785 0.781303 
0.983383 0.0808981 
0.66781 0.163879 
0.466109 0.4127 
0.373875 0.0735551 
-0.242765 0.22646 
-0.414561 0.450864 
-0.248111 0.502788 
0.516497 0.21075 
-0.0441715 0.434791 
-1.09344 0.000401247 
-0.51114 0.346783 
-0.572809 0.0498677 
0.671211 0.271273 
-0.275701 0.0743111 
-0.0810552 0.299632 
0.329649 0.567183 
0.823478 0.138406 
-0.701382 0.066591 
-0.308263 0.413358 
-0.797031 0.133145 
0.0246402 0.670561 
0.122475 0.303742 
-0.594894 0.0672409 
0.0588014 0.487247 
-0.301656 0.248925 
-0.484866 0.161177 
-0.807546 0.0759402 
0.329557 0.312839 
0.0781478 0.0256961 
-0.277174 0.659071 
-0.161941 0.279458 
0.897731 0.0209226 
-0.218852 0.399572 
0.577436 0.352222 
-0.729246 0.190403 
0.0390492 0.789525 
0.167007 0.488696 
0.097384 0.531255 
-0.793505 0.174515 
0.0850993 0.716451 
0.261979 0.611114 
-0.1342 0.181506 
-0.183689 0.52606 
-0.832082 0.0997347 
-0.394581 0.0356737 
0.211017 0.0590593 
0.760377 0.0409031 
0.371063 0.0331907 
-0.225531 0.638751 
0.59158 0.386861 
-0.340965 0.595845 
0.0737623 0.230226 
0.106302 0.0920993 
-0.775793 0.15094 
-0.11164 0.770935 
-0.0183025 0.489513 
-0.717322 0.0700684 
0.297696 0.479703 
-0.0665043 0.4005 
-0.203257 0.499089 
0.406228 0.40492 
-0.536963 0.287275 
-0.105512 0.175673 
-0.246058 0.543999 
0.171085 0.579618 
0.516231 0.355813 
0.710381 0.0664312 
0.967072 0.0765245 
-0.401977 0.351041 
0.0752286 0.045221 
0.811194 0.186047 
-0.450955 0.0821909 
0.78583 0.147682 
0.036089 0.0809155 
0.770766 0.171002 
0.0260769 0.141844 
-0.259448 0.112109 
0.203747 0.493535 
-0.0545478 0.523519 
0.60352 0.0232053 
-0.422684 0.00389982 
0.0931232 0.227314 
0.727474 0.216434 
-0.492751 0.126874 
-0.493627 0.150788 
0.231331 0.483718 
0.0113563 0.00197149 
0.0499962 0.600962 
-0.291212 0.581285 
0.483735 0.346172 
0.0656313 0.142218 
0.260266 0.15821 
-0.527188 0.0937303 
0.249683 0.457535 
-0.653697 0.185169 
0.221712 0.0131871 
0.31998 0.490293 
-0.419896 0.263941 
1.18673 0.00959401 
0.0609827 0.170309 
-0.480279 0.357573 
-0.23906 0.232193 
0.715744 0.0739443 
-0.251538 0.554044 
0.277384 0.157125 
0.536167 0.168688 
-0.289102 0.344239 
0.364696 0.264853 
0.0871977 0.274235 
-0.0380863 0.477096 
-0.22545 0.559764 
0.401853 0.0545307 
-0.467549 0.371753 
-0.271273 0.222758 
0.214311 0.683061 
0.282785 0.483963 
0.934233 0.0654991 
0.32075 0.0223969 
-0.321586 0.0539043 
0.36981 0.171829 
-1.21354 0.00711833 
0.695772 0.14721 
-0.28037 0.509474 
-0.115787 0.475024 
0.471121 0.498855 
-0.255732 0.452038 
-0.0327817 0.239247 
-0.243669 0.0448552 
0.57036 0.0573622 
-0.197971 0.035531 
-0.301507 0.537967 
0.352457 0.284504 
-0.00337835 0.648845 
0.471986 0.27901 
0.28561 0.0369533 
-0.315976 0.0505667 
-0.0618463 0.626592 
0.17864 0.694671 
-0.181883 0.305282 
0.253629 0.61014 
-1.04189 0.0820727 
-0.294436 0.419189 
0.127272 0.402199 
-0.190011 0.46326 
-0.310631 0.521571 
0.043615 0.113721 
0.49442 0.247265 
-0.912599 0.00936423 
-0.251292 0.489246 
0.141402 0.176932 
0.475265 0.0856066 
-0.255483 0.128665 
-0.545777 0.410916 
-0.150532 0.241682 
-0.230776 0.425292 
0.229779 0.478838 
-0.28488 0.148243 
0.0357886 0.00941804 
0.029895 0.791713 
0.315946 0.607981 
0.0196826 0.118546 
-0.933778 0.135241 
-0.135542 0.528358 
0.236357 0.581632 
0.405712 0.076236 
-0.23217 0.270156 
0.584459 0.132061 
-0.112755 0.182389 
0.635151 0.351129 
-0.700471 0.251173 
1.09042 0.0713525 
-0.209176 0.642929 
0.797346 0.142666 
0.828071 0.165994 
0.384654 0.565988 
0.359567 0.608097 
0.828645 0.152373 
0.00906385 0.599966 
0.472502 0.11184 
0.333134 0.00660365 
-0.0648508 0.701335 
0.029435 0.581845 
-0.165624 0.677292 
0.232743 0.104301 
-0.346204 0.185149 
0.345736 0.289189 
-0.68223 0.0797976 
0.254106 0.126062 
-0.1587 0.480684 
0.117477 0.623528 
0.222031 0.0702711 
-0.91833 0.0652502 
0.35094 0.486553 
-0.816397 0.012114 
0.0110967 0.348747 
-0.408528 0.465652 
-1.05381 0.0757562 
0.552161 0.154067 
0.354723 0.604093 
0.641107 0.303705 
-0.805108 0.125627 
0.101877 0.0676682 
0.213879 0.0426471 
-0.292493 0.593122 
-0.11032 0.467441 
-0.553502 0.0825263 
-0.436203 0.27907 
0.306428 0.296001 
0.127175 0.115163 
0.396908 0.516734 
0.397397 0.149965 
0.182278 0.540679 
0.0734575 0.250356 
-0.164846 0.167638 
-0.0459985 0.524328 
-0.569935 0.243067 
0.715124 0.279133 
-0.201956 0.0641146 
-1.16338 0.0176388 
-0.2037 0.547197 
0.476444 0.171061 
0.748538 0.187393 
-0.0905562 0.57269 
-0.0524714 0.304597 
0.537828 0.061871 
-0.177555 0.598245 
-0.247614 0.0790869 
0.490448 0.0198836 
-0.298459 0.318267 
-0.419626 0.481234 
0.638658 0.257255 
-0.0593093 0.0627468 
-0.392938 0.0662292 
0.434443 0.331675 
0.197594 0.675031 
0.642909 0.0319264 
-1.21809 0.0376689 
-0.431415 0.147169 
0.389282 0.124055 
-0.35165 0.59719 
0.416688 0.128602 
0.790483 0.0601638 
0.158684 0.0746716 
0.115562 0.120909 
0.211511 0.121305 
0.55988 0.332777 
-0.714933 0.0450697 
-0.0605044 0.505166 
0.252775 0.150793 
0.0091765 0.285915 
0.289544 0.107939 
0.281945 0.132845 
0.12546 0.303264 
0.645292 0.220655 
0.316916 0.5373 
-0.146748 0.356694 
-0.191149 0.276115 
0.49411 0.443276 
0.132876 0.441925 
0.860263 0.0443469 
0.141196 0.637938 
-0.579213 0.205819 
0.206521 0.659187 
0.133899 0.203573 
0.211735 0.240971 
-0.47626 0.280438 
0.462861 0.157792 
0.379833 0.543532 
0.464134 0.346277 
0.166782 0.231343 
-0.45403 0.125177 
-0.929905 0.132633 
0.876158 0.0393626 
-0.338494 0.0934375 
-0.158186 0.609418 
0.172736 0.429913 
0.180341 0.574711 
0.340272 0.286477 
-0.233747 0.125067 
-0.328188 0.544158 
1.0449 0.0231769 
-0.533652 0.192374 
0.699887 0.083451 
0.18921 0.0263743 
0.310481 0.387168 
0.276138 0.593119 
-0.745933 0.152101 
0.560523 0.256356 
0.51321 0.15408 
0.0169325 0.598732 
0.308532 0.634319 
0.0594701 0.726539 
0.0318082 0.651198 
-0.202515 0.443243 
-0.121541 0.751601 
0.419581 0.0880339 
-0.729674 0.0248731 
-0.511478 0.175413 
-0.369186 0.429583 
-0.353752 0.295421 
0.528366 0.217716 
-0.0226872 0.547126 
0.0862293 0.724467 
-0.46664 0.0699873 
0.419482 0.511094 
-0.327466 0.597587 
-0.490039 0.490833 
-0.954171 0.0718782 
-0.585344 0.398474 
1.06118 0.00656538 
0.125952 0.446013 
0.49408 0.000711076 
-0.390901 0.158725 
-0.23364 0.715079 
-0.0660227 0.311247 
-0.313925 0.274671 
-0.548634 0.201588 
-0.685476 0.0699352 
0.175853 0.0429882 
0.327745 0.244888 
-0.269063 0.427053 
0.849099 0.127202 
-0.204361 0.515465 
-0.772549 0.188621 
0.0819378 0.224076 
0.129715 0.517901 
-0.0987415 0.386617 
-0.562153 0.0967118 
0.241593 0.543722 
-0.0896748 0.0979265 
-0.0952422 0.46858 
0.218288 0.584614 
-0.63056 0.339255 
-0.247684 0.224697 
-0.213023 0.259064 
-0.43426 0.286472 
-0.569615 0.126311 
0.223547 0.673181 
0.841925 0.00945377 
-0.567111 0.0634857 
0.351753 0.0106424 
0.889645 0.150661 
0.446555 0.466247 
-0.218676 0.0624413 
-0.0266126 0.373359 
0.397949 0.559137 
-0.134418 0.63348 
-0.224068 0.625886 
-0.0493827 0.615958 
0.568735 0.114864 
-0.655455 0.0228479 
-0.42755 0.33674 
-0.00252866 0.479699 
-0.0813445 0.0433431 
0.0446008 0.513313 
-0.446286 0.0742074 
-0.886373 0.00972145 
-0.0296144 0.244364 
0.52763 0.120626 
-0.0955942 0.0592734 
-0.135913 0.000187665 
-0.481793 0.167406 
0.391263 0.0804447 
0.623267 0.10582 
0.795722 0.146012 
-0.0835343 0.662399 
-0.329574 0.15791 
-0.000790551 0.362929 
-0.487436 0.126302 
0.585247 0.0192338 
-0.0554258 0.663444 
0.723741 0.200873 
0.877844 0.0737106 
-0.324095 0.0741696 
-0.363559 0.508631 
-0.497477 0.181557 
0.256875 0.32923 
-0.207258 0.731778 
0.666919 0.00299918 
0.350112 0.611659 
0.244375 0.0332453 
-0.296819 0.508883 
-0.0472089 0.0385949 
0.133968 0.39369 
-0.0213614 0.247078 
-0.0151602 0.28124 
-0.29808 0.457971 
0.319268 0.147544 
-0.570815 0.370878 
0.483302 0.0150831 
0.201139 0.0300668 
0.382915 0.132619 
0.0240078 0.66346 
0.0240182 0.76933 
-0.0408962 0.309703 
-0.320115 0.121799 
0.426945 0.00456973 
0.3369 0.0556174 
0.652233 0.131228 
0.587304 0.260961 
-0.105271 0.401077 
-1.04553 0.068338 
0.212633 0.508368 
0.104764 0.32464 
0.741176 0.0310657 
0.102953 0.104181 
-0.164028 0.00137991 
0.119894 0.168336 
0.32127 0.583593 
0.132685 0.150688 
0.259772 0.0944784 
0.110048 0.663295 
0.123923 0.403038 
-0.107315 0.702306 
-0.807232 0.205505 
0.610673 0.315285 
-0.065352 0.166029 
-0.786909 0.083457 
0.544914 0.122987 
-0.363147 0.606187 
-0.341793 0.539495 
-0.0156604 0.790192 
-0.417997 0.143453 
0.0937985 0.18825 
0.336479 0.627417 
-0.162253 0.690477 
0.470313 0.193421 
-0.121572 0.527551 
-0.191098 0.13778 
0.268715 0.0260724 
0.310858 0.575512 
0.479676 0.171742 
0.781848 0.111267 
-0.448816 0.105841 
0.616226 0.291234 
-0.594347 0.264302 
-0.709323 0.131125 
-0.346524 0.550847 
-0.105082 0.445131 
-0.507854 0.262511 
0.962228 0.119476 
0.175069 0.715181 
0.241603 0.524824 
1.27227 0.007768 
0.53636 0.103847 
-0.0470847 0.191534 
-0.245039 0.703314 
-0.329366 0.535925 
-0.00577559 0.701941 
0.209406 0.311833 
0.07768 0.298375 
-0.7794 0.112243 
-1.01593 0.0528423 
0.235716 0.134245 
-0.368584 0.432214 
0.245096 0.613892 
-0.33768 0.127773 
-0.117247 0.409407 
0.360469 0.540742 
0.769242 0.0133744 
-0.508728 0.11672 
-0.0482357 0.0772056 
0.375054 0.581569 
0.0268855 0.741616 
-0.646013 0.100863 
0.372932 0.232355 
-0.579764 0.0613749 
0.955068 0.0960936 
0.282425 0.214379 
-0.650129 0.131186 
-0.0554473 0.538736 
-0.625815 0.125404 
-0.218718 0.25588 
-0.65564 0.0198649 
-0.508274 0.170001 
0.922148 0.0743262 
-0.163642 0.19465 
-0.150227 0.24502 
-1.34423 0.0191766 
-0.47399 0.0245483 
0.971853 0.0583111 
0.193493 0.474485 
-0.0601315 0.360317 
0.0455445 0.63434 
-0.431367 0.238382 
-0.0244996 0.184754 
-0.184312 0.306196 
0.0161605 0.55129 
-0.15695 0.591012 
-0.0208577 0.174622 
-0.276581 0.650273 
0.289253 0.0946104 
-0.790617 0.132621 
-0.131763 0.592792 
-0.461804 0.218964 
-0.355068 0.0992038 
0.359932 0.179881 
-0.180137 0.331702 
-0.685545 0.131745 
-0.80728 0.0285807 
0.20321 0.644358 
0.812607 0.109638 
0.907803 0.146782 
0.299213 0.540734 
0.145187 0.313551 
0.286832 0.479641 
-0.153389 0.506668 
-0.361401 0.0484189 
0.0497214 0.598132 
0.0150336 0.291731 
-0.329988 0.449654 
1.42804 0.00414752 
0.54186 0.0216112 
-0.745021 0.169255 
0.027041 0.266614 
-0.197117 0.3287 
-0.649857 0.219378 
0.264926 0.237615 
-1.04755 0.06393 
0.057491 0.150719 
-0.499551 0.339338 
-0.116717 0.575517 
-0.124442 0.0719627 
-0.316945 0.455163 
-0.247785 0.509219 
-1.18673 0.00699948 
-0.517581 0.19608 
0.00776294 0.609911 
1.0956 0.0204752 
-0.148167 0.508668 
0.0699663 0.0875179 
0.438004 0.35163 
-0.000733745 0.289294 
-0.519111 0.259839 
0.0022572 0.75145 
0.288533 0.571394 
-0.818988 0.0925023 
-0.147673 0.746954 
0.312654 0.44613 
0.495164 0.030536 
-0.274273 0.159779 
-0.268942 0.206255 
0.20471 0.537893 
0.0858422 0.168618 
-0.250346 0.120303 
0.238708 0.203352 
0.340828 0.0967653 
-0.409313 0.0179889 
0.67841 0.277104 
0.214989 0.10121 
-0.00537223 0.500438 
0.687305 0.0348779 
-0.568446 0.325145 
-0.00532997 0.00606146 
-0.88276 0.12227 
0.106335 0.610281 
-0.503546 0.276611 
0.762022 0.115752 
-1.04661 0.0372529 
0.658651 0.00303486 
0.565469 0.309101 
-0.00938434 0.138242 
-0.0800012 0.658987 
0.119167 0.773882 
0.354117 0.499128 
-0.302932 0.520553 
-0.342949 0.112337 
0.154159 0.00480061 
-1.00897 0.00729814 
0.265931 0.107082 
-0.175559 0.658825 
0.235509 0.0594128 
0.1345 0.213559 
0.320572 0.0689031 
0.598934 0.124 
0.146707 0.643033 
-0.760927 0.149667 
-0.351907 0.19898 
-0.283036 0.50282 
0.579064 0.0759283 
-0.868059 0.0359154 
0.333336 0.632494 
0.499353 0.364913 
-0.109454 0.0186109 
-0.951712 0.11131 
0.0987124 0.576836 
-0.0427792 0.375406 
-0.720814 0.163796 
0.19781 0.408394 
-0.178506 0.109947 
-0.264168 0.123799 
-0.053292 0.12687 
-1.07992 0.024201 
-0.0471966 0.0919294 
0.52334 0.453825 
-0.0540579 0.725607 
-0.0987526 0.139323 
0.192364 0.602801 
0.610995 0.375481 
-0.319773 0.165511 
0.0521963 0.57032 
0.411182 0.306582 
-0.496363 0.48264 
0.0698675 0.0384789 
-0.52497 0.251915 
0.452511 0.280659 
-1.08104 0.019464 
0.0580159 0.554922 
0.0665677 0.0042702 
-0.681352 0.00124 
0.786848 0.00261606 
-0.140914 0.40921 
-0.22966 0.554816 
-0.463106 0.358867 
0.32784 0.285466 
0.46084 0.281047 
0.815372 0.122925 
0.520243 0.150605 
-0.645741 0.264214 
0.292186 0.0607513 
0.520443 0.297443 
0.0621322 0.766882 
1.14587 0.00760432 
-0.347275 0.313608 
-0.00280537 0.225897 
1.07177 0.0557576 
0.534963 0.265287 
-0.453993 0.127383 
0.154854 0.336397 
0.216249 0.144393 
-0.509882 0.176703 
0.860421 0.15237 
-0.0815763 0.342811 
0.0306134 0.789372 
-0.192177 0.28186 
-0.0213384 0.366009 
-0.168758 0.577795 
-0.278837 0.305232 
0.329777 0.0694634 
0.403353 0.317475 
-0.714263 0.177037 
-0.157767 0.407746 
-0.455596 0.51607 
0.504247 0.104489 
-0.764246 0.20002 
0.759193 0.143896 
-0.0884052 0.52825 
0.482049 0.226142 
0.0825127 0.675536 
-1.03302 0.0579489 
-1.16322 0.0170171 
-1.05269 0.0399824 
-0.5444 0.378303 
-0.0709828 0.670353 
0.763073 0.187201 
0.322238 0.638031 
0.411296 0.537291 
-0.0246456 0.114926 
-0.0336551 0.245804 
-0.538831 0.277039 
0.181139 0.707728 
0.169903 0.749049 
-0.29619 0.52004 
-0.761989 0.0904288 
0.444521 0.123729 
0.429593 0.0636399 
-0.144242 0.016385 
-0.00840196 0.235597 
0.329027 0.41187 
-0.689845 0.0588795 
0.777432 0.00136106 
-0.984083 0.00773558 
0.906057 0.0128251 
1.36373 0.00691056 
0.203082 0.351934 
-0.0154179 0.168356 
0.343672 0.2395 
-0.0186291 0.707763 
-0.216065 0.134101 
0.625865 0.0130248 
0.677734 0.0201172 
0.406127 0.398287 
-0.0811341 0.347639 
0.197255 0.714608 
-0.0198413 0.0905746 
0.345696 0.613433 
-0.757408 0.106986 
0.699698 0.175391 
-0.0809494 0.697233 
0.11594 0.638281 
-1.0798 0.00832418 
-0.0411625 0.676278 
1.23883 0.0141451 
-0.206147 0.644403 
-0.455057 0.279356 
0.0671138 0.342698 
-0.522024 0.0445308 
-0.348267 0.380098 
-0.641443 0.169312 
-1.33225 0.0040945 
0.127991 0.28129 
0.0533508 0.659799 
0.653435 0.00676348 
0.118701 0.483501 
-0.26655 0.190511 
0.905394 0.106058 
-0.758469 0.205912 
-0.31157 0.415554 
-0.0841794 0.201293 
-0.697045 0.0752152 
-0.311007 0.294896 
0.0077652 0.164779 
0.364102 0.157604 
-0.736758 0.139812 
-0.069957 0.653199 
0.348978 0.189025 
-0.194227 0.521447 
-0.0806997 0.657225 
-0.514171 0.380226 
0.291304 0.63479 
-0.242175 0.452288 
-0.102382 0.704432 
-0.0605483 0.75031 
0.852482 0.00440258 
0.77705 0.0634508 
0.615424 0.258384 
0.0427703 0.793794 
-0.62939 0.31763 
-0.34147 0.356424 
0.293502 0.63563 
0.480516 0.0200165 
-0.861597 0.170386 
-0.116255 0.509495 
-0.30414 0.025682 
-0.213066 0.464519 
0.525834 0.228759 
0.0416328 0.241294 
-0.350443 0.598064 
0.171783 0.39951 
0.231904 0.274301 
-0.420733 0.117853 
0.430951 0.208537 
0.017441 0.109922 
0.410538 0.206245 
0.785529 0.227171 
-1.02896 0.0779789 
-0.475845 0.164981 
-0.764877 0.0489731 
0.611095 0.267768 
0.281981 0.336097 
1.00491 0.012312 
0.278038 0.22997 
-0.0368137 0.643601 
0.824657 0.0899963 
-0.809703 0.196793 
0.424512 0.507214 
-0.716148 0.0594103 
-0.263525 0.586646 
-0.983247 0.0266185 
0.29591 0.120861 
1.05304 0.00396727 
-0.40373 0.354976 
-0.248522 0.617218 
0.317226 0.572136 
0.0985449 0.298133 
-0.0782639 0.186805 
0.0703033 0.353372 
0.527374 0.28802 
0.492437 0.26894 
0.359169 0.611365 
-0.536029 0.283943 
-0.445773 0.344045 
0.905779 0.053927 
0.223639 0.502479 
0.243087 0.663932 
-0.326595 0.140432 
0.309138 0.019066 
-0.709357 0.016465 
0.600768 0.210428 
0.416313 0.0583035 
-0.0467044 0.10382 
0.09867 0.391232 
-0.515739 0.288446 
0.451429 0.174973 
-0.582001 0.0857103 
0.166641 0.277346 
-0.340018 0.107236 
0.176086 0.0230912 
-0.989469 0.080756 
-0.695786 0.151915 
0.325343 0.0563834 
0.0607796 0.248179 
0.303508 0.254845 
0.430379 0.167822 
0.565904 0.357446 
-0.270094 0.593928 
0.636587 0.335329 
0.668432 0.267537 
0.114946 0.186205 
-0.319271 0.61469 
0.684755 0.0935841 
-0.0646306 0.387963 
-0.93421 0.11635 
-1.17032 0.0237709 
0.0687051 0.453738 
-0.591761 0.233223 
0.605612 0.346463 
-1.00466 0.00849 
0.00125526 0.759942 
0.382404 0.481169 
-0.0575808 0.60099 
-0.25494 0.468081 
0.243382 0.360721 
-0.105769 0.499767 
0.361882 0.472301 
-0.0172552 0.0537874 
-0.896322 0.145393 
0.00190638 0.664281 
-0.00543285 0.096579 
0.327012 0.167988 
0.0910946 0.606634 
0.946044 0.0302364 
-0.094669 0.684338 
-0.681233 0.11476 
-0.382323 0.0401015 
-0.454563 0.162567 
0.118017 0.529077 
1.02825 0.0418149 
0.123666 0.0720158 
-0.69127 0.284715 
-0.561475 0.417167 
0.242259 0.676857 
0.140262 0.632442 
-0.583963 0.290838 
0.303747 0.204239 
0.591664 0.0904093 
-0.0521545 0.0176224 
0.214103 0.206728 
-0.0735106 0.385878 
-0.0885193 0.178274 
0.0903261 0.222083 
0.247094 0.259703 
0.0377804 0.316832 
-0.565055 0.120142 
0.0737023 0.488909 
-0.0798219 0.136008 
0.383142 0.270655 
-0.124932 0.506992 
-0.88392 0.07837 
0.423601 0.43211 
0.133244 0.431216 
-0.132326 0.076457 
0.180512 0.515815 
0.365841 0.508003 
-0.605666 0.0160902 
0.153882 0.591787 
0.127009 0.763679 
0.208637 0.429078 
-0.171073 0.372673 
-0.0278756 0.346355 
0.663416 0.189808 
0.60677 0.36883 
0.302691 0.160329 
-0.474279 0.113783 
0.0949298 0.145029 
-0.371625 0.449761 
0.197523 0.445024 
0.607223 0.16932 
-0.44514 0.445834 
-0.321758 0.427058 
0.603966 0.35332 
0.632546 0.231271 
-0.0243657 0.408352 
-0.032307 0.530998 
-0.0857795 0.666938 
0.759718 0.215164 
0.749999 0.0140312 
0.168309 0.724004 
0.255015 0.00732461 
-0.513552 0.210757 
-0.976336 0.0100524 
-0.289201 0.417361 
-0.363071 0.563183 
-0.799 0.132877 
-0.391177 0.374387 
-0.826176 0.109309 
0.632935 0.190603 
-0.218738 0.466711 
-0.29508 0.151054 
0.722793 0.210574 
0.389475 0.22913 
-0.395098 0.0473406 
0.286387 0.57479 
-0.329346 0.249284 
0.372383 0.160836 
-0.0669391 0.518695 
-0.0727324 0.0253808 
0.00960586 0.560748 
-0.0070196 0.0308724 
0.17541 0.726093 
0.50004 0.192321 
0.320118 0.0401702 
0.105142 0.416506 
-0.744952 0.0937463 
-0.0906779 0.596535 
-0.673579 0.237238 
0.541784 0.277544 
-0.607802 0.175817 
-0.416455 0.433118 
0.729946 0.266585 
-0.617103 0.278748 
0.33786 0.479159 
0.31336 0.644761 
-0.277976 0.145865 
-0.371397 0.584395 
-0.7576 0.0608049 
0.510777 0.442291 
-0.713819 0.0995127 
-0.132724 0.33492 
-0.152285 0.168504 
0.334814 0.0588283 
0.236223 0.162529 
0.574217 5.2188e-05 
0.150905 0.552613 
-0.492509 0.41423 
0.262281 0.665444 
-0.314982 0.58094 
-0.27607 0.199437 
0.26139 0.175012 
-0.381727 0.158488 
0.0647116 0.600665 
-1.11118 0.0124013 
-0.0370449 0.550974 
0.269366 0.583788 
0.942854 0.107604 
0.627684 0.0415615 
0.471199 0.351821 
-0.313213 0.169156 
-0.244822 0.292752 
0.186108 0.657302 
1.18188 0.0190755 
0.192547 0.115222 
-0.038612 0.0786182 
0.0843025 0.0540177 
1.15241 0.0369201 
-0.175124 0.685276 
-0.0540022 0.209744 
1.08665 0.0724622 
-0.0661749 0.710457 
-0.329049 0.414659 
0.014618 0.4599 
1.34315 0.00702753 
0.526686 0.0921079 
0.602269 0.212333 
-0.292066 0.297715 
0.0982152 0.662472 
-0.698731 0.131342 
0.322326 0.164048 
-0.262251 0.296577 
0.378546 0.554808 
-0.0385815 0.71617 
0.56768 0.259486 
0.949902 0.103464 
0.844814 0.0528793 
0.301508 0.38791 
0.104466 0.750104 
-1.0931 0.0534544 
0.119116 0.00396065 
0.63215 0.0399813 
-0.534899 0.42882 
0.258964 0.681575 
-0.0523231 0.47466 
1.50403 0.00377765 
-0.235028 0.0180454 
0.0434395 0.0999899 
-0.253802 0.658897 
0.596904 0.303617 
0.288295 0.201988 
0.734688 0.0878487 
0.504104 0.37314 
0.648447 0.0869848 
-0.0203231 0.108285 
0.230312 0.245334 
0.48497 0.173576 
0.730175 0.23877 
0.0468011 0.487949 
-0.0498895 0.357883 
0.480591 0.434818 
0.524344 0.263048 
-0.605135 0.0765433 
-0.046955 0.693829 
-0.238904 0.579779 
-0.0882109 0.291898 
0.352081 0.0589177 
0.35974 0.256781 
-0.629933 0.293558 
0.462209 0.468701 
0.247472 0.601522 
0.184104 0.0283534 
0.736857 0.21945 
-0.684012 0.288699 
-0.275807 0.321892 
-0.0296996 0.764771 
-1.39507 0.0110877 
-0.310526 0.270795 
-0.123674 0.00842581 
-0.506968 0.433877 
0.488006 0.357266 
0.12188 0.357167 
0.482267 0.211409 
0.74073 0.129473 
0.601491 0.0873747 
-0.119821 0.256328 
-0.33076 0.0210241 
-0.0337907 0.429039 
-1.26822 0.0195692 
-0.0671272 0.136716 
0.0162974 0.189745 
-1.03734 0.017407 
0.0207105 0.254538 
-0.281627 0.255913 
-0.153626 0.0545129 
-0.257048 0.588087 
-0.105613 0.278955 
-0.0992071 0.189919 
-0.652248 0.292869 
-1.18496 0.0389215 
-0.192344 0.290365 
-0.593911 0.299765 
-0.727223 0.193791 
0.181816 0.232891 
-0.217192 0.162644 
-0.197564 0.300495 
-0.096691 0.383051 
-0.093728 0.422095 
0.125149 0.413592 
-1.17333 0.0137598 
-0.0676622 0.250765 
-0.221898 0.297779 
0.931391 0.0602293 
-0.270071 0.351123 
-0.0778755 0.640926 
-0.730221 0.0561216 
0.356523 0.547671 
-0.041955 0.408241 
0.552415 0.0109395 
-0.510906 0.455658 
-1.07728 0.0623517 
0.625859 0.320519 
-0.487093 0.168571 
0.507205 0.403319 
-1.13667 0.0455542 
-0.415656 0.323109 
-0.410343 0.405364 
-0.34261 0.0583792 
-0.85269 0.139916 
-0.925361 0.05949 
-0.933357 0.0230853 
-0.870267 0.107578 
-0.0392137 0.359022 
-0.0507026 0.115957 
0.45022 0.375912 
0.416052 0.389791 
0.424462 0.309005 
-0.336907 0.022319 
0.569089 0.295133 
0.387347 0.209552 
0.588213 0.0916158 
0.0411171 0.653148 
0.259927 0.115925 
-0.00365188 0.0662369 
-0.113147 0.695997 
-0.705434 0.0714798 
0.105324 0.0712238 
0.194062 0.41144 
0.0665731 0.659288 
-0.264022 0.158844 
0.71676 0.253345 
0.511818 0.180597 
0.241517 0.642074 
0.206842 0.386285 
1.44409 0.000967606 
0.629679 0.136983 
0.225739 0.643097 
-0.416436 0.00896142 
0.125679 0.628478 
0.0680687 0.733861 
0.830225 0.0458282 
0.369241 0.205597 
-0.222789 0.294719 
-0.885301 0.137973 
0.337346 0.346119 
0.47918 0.26655 
0.789648 0.0210896 
-0.637219 0.0386231 
-0.00508333 0.319697 
-0.2681 0.665616 
-0.524664 0.245601 
-0.136852 0.449139 
0.016434 0.350469 
0.359605 0.0963245 
-0.133117 0.630058 
0.0225161 0.545781 
0.21016 0.427099 
0.192225 0.257092 
0.250146 0.624065 
1.1517 0.000315952 
0.8081 0.171215 
-0.092161 0.615095 
0.141712 0.0681282 
0.809996 0.0473182 
-0.226475 0.557242 
-0.380695 0.291511 
0.0687488 0.554066 
0.494863 0.246829 
0.212183 0.544706 
-0.338759 0.418617 
-0.800577 0.177956 
0.661539 0.184807 
0.0535213 0.519447 
-0.417383 0.156304 
0.099335 0.472634 
-0.282287 0.323917 
-0.143828 0.16329 
0.697093 0.0803151 
-0.410872 0.421395 
-0.200386 0.221051 
0.631035 0.139492 
-0.315709 0.197492 
-0.281248 0.515925 
0.10847 0.435027 
1.04454 0.0573056 
0.325319 0.269129 
-0.058254 0.33573 
0.617104 0.033843 
1.39634 0.00237662 
0.2996 0.565609 
-0.271739 0.631108 
0.552046 0.120932 
0.471189 0.474185 
-1.28392 0.0138475 
0.0851614 0.614269 
-0.455236 0.221422 
0.692069 0.116707 
-0.274535 0.538603 
0.168032 0.32373 
0.106188 0.529237 
-0.379215 0.175413 
0.806977 0.0223482 
0.407072 0.0126729 
-0.780633 0.0848104 
1.2093 0.00991286 
0.148624 0.681923 
0.730837 0.249755 
0.405723 0.454993 
-0.850375 0.106778 
-0.203735 0.29552 
-0.197779 0.223589 
-0.723391 0.26488 
0.156919 0.531485 
0.505263 0.111676 
-0.0779157 0.167208 
-1.36799 0.0110174 
-1.41501 0.00437687 
-0.812092 0.213141 
0.0884019 0.611892 
0.0336096 0.556586 
0.27632 0.675327 
-0.252442 0.145626 
0.0744992 0.588479 
0.0648854 0.652799 
-0.349529 0.21873 
-0.285871 0.147437 
-0.227481 0.418829 
-0.030089 0.447876 
-0.262392 0.655927 
0.675784 0.199167 
-0.696881 0.218763 
0.854802 0.0604238 
-0.30479 0.608661 
-0.375161 0.0984687 
-0.66735 0.114037 
-0.201052 0.624998 
0.671147 0.140446 
0.188389 0.648026 
0.108499 0.0558376 
0.745886 0.253506 
-0.221156 0.059216 
0.0499907 0.440419 
-1.02053 0.0485251 
0.287596 0.512498 
0.0436407 0.468357 
-0.263759 0.188321 
0.00109585 0.267488 
-0.491392 0.280225 
-0.178425 0.0631524 
-0.132664 0.542028 
-0.423852 0.165349 
-0.293702 0.354411 
-0.290234 0.208199 
0.545385 0.0116869 
-0.0380392 0.454048 
0.371525 0.338115 
0.148087 0.0175287 
0.115615 0.760124 
0.320997 0.544494 
0.52161 0.320189 
-0.0141121 0.702971 
0.441722 0.0795815 
-0.55818 0.03334 
1.02491 0.00212508 
-0.137991 0.473666 
-0.273514 0.215525 
0.47757 0.430656 
-0.76147 0.0670925 
-0.300459 0.250616 
-0.123433 0.554997 
0.533512 0.35362 
0.618843 0.305432 
-0.0676425 0.142947 
-0.0858328 0.0411448 
0.752446 0.037817 
-0.226384 0.515663 
0.278123 0.218545 
-0.381118 0.508602 
-0.533983 0.280775 
0.316135 0.618203 
0.00663764 0.555102 
-0.165784 0.369641 
0.105724 0.438461 
1.12545 0.00135766 
0.339856 0.104907 
0.152134 0.0705094 
0.443203 0.419016 
0.372515 0.324785 
-0.000201607 0.129585 
0.50238 0.302326 
-0.0460744 0.547227 
-0.146972 0.502915 
-0.00634593 0.308211 
0.316331 0.559255 
-0.248918 0.00450313 
0.231379 0.236537 
0.647075 0.079738 
-0.149683 0.322637 
0.0225 0.282873 
0.167573 0.712162 
0.239458 0.500682 
-0.624384 0.03423 
-0.673861 0.272374 
-0.203292 0.532934 
-0.18665 0.590669 
-0.296704 0.440865 
0.966339 0.107471 
0.214758 0.352227 
0.365639 0.486579 
-0.643197 0.28874 
0.666725 0.327087 
0.451893 0.00622787 
1.01602 0.0126948 
-0.166656 0.714002 
-0.640162 0.27653 
-0.564053 0.327516 
0.455241 0.375291 
1.16147 0.0140131 
-0.507199 0.417311 
-0.0517991 0.283864 
-0.406943 0.429948 
0.032839 0.242074 
0.345213 0.454672 
0.540431 0.405854 
-0.0676286 0.186382 
-0.179423 0.16618 
0.561199 0.260413 
-0.249304 0.220923 
0.0697458 0.226709 
-0.145595 0.249354 
-1.43786 0.0108491 
-0.401545 0.327477 
-0.12455 0.472666 
0.647214 0.209839 
-0.215584 0.462535 
-0.247226 0.140758 
0.276114 0.425051 
-0.679343 0.00937526 
-1.05102 0.0263156 
-0.631545 0.00496645 
-0.0652623 0.356138 
0.121018 0.10165 
-0.235079 0.693923 
-0.485975 0.41249 
-0.852577 0.0223091 
-0.772574 0.156563 
0.45961 0.102931 
0.385494 0.177336 
0.0464514 0.122409 
-0.669056 0.0693518 
-0.306353 0.130239 
0.0107173 0.603147 
0.185277 0.715984 
-0.32376 0.0279961 
-0.698638 0.291536 
0.193735 0.225593 
0.513961 0.035494 
-0.114971 0.0323945 
-0.0724141 0.569648 
-0.273561 0.403006 
0.737705 0.0215211 
-0.25392 0.0177798 
-0.839798 0.0563291 
0.303719 0.335556 
-0.279894 0.431629 
0.86213 0.169357 
-0.00884397 0.103455 
-0.296836 0.00933679 
-0.671963 0.00214154 
1.32055 0.0112927 
0.154191 0.433712 
0.0575719 0.557448 
-0.6116 0.222625 
0.278738 0.378668 
0.155665 0.720974 
-0.467017 0.250724 
-0.229055 0.499318 
-0.44184 0.535663 
0.391323 0.0912738 
0.702528 0.0351027 
-0.106876 0.523631 
0.0181739 0.0381231 
0.283331 0.261756 
-0.60158 0.0248662 
0.608382 0.375827 
-0.674627 0.303546 
0.0600438 0.673814 
-0.656952 0.310456 
0.593783 0.235227 
0.219319 0.416926 
0.295034 0.118132 
0.680415 0.15981 
-0.121505 0.0743841 
-0.196169 0.623226 
-0.708088 0.0302595 
0.148698 0.37427 
-0.121592 0.0131299 
-0.532999 0.103673 
0.718147 0.0560569 
0.0131285 0.790183 
-0.397967 0.260851 
0.708352 0.216198 
-0.352558 0.17644 
-0.1292 0.500461 
1.14883 0.0345196 
0.488115 0.274131 
-0.378483 0.378921 
0.0798892 0.429552 
0.208687 0.576042 
0.510526 0.0258016 
-0.12151 0.539606 
0.35343 0.436848 
-0.87482 0.00877627 
0.63858 0.143865 
0.47796 0.00501135 
-0.254608 0.0375394 
-0.385872 0.297374 
-0.116102 0.287627 
0.253179 0.254009 
-0.412329 0.238898 
-0.415278 0.0180095 
0.851507 0.00544603 
0.678823 0.00838266 
0.719527 0.0771166 
-0.248449 0.476134 
0.43134 0.035045 
-0.189271 0.0336086 
-1.04964 0.00439177 
-0.107105 0.252366 
-0.324879 0.44139 
-0.0833229 0.133555 
-0.363581 0.541004 
-0.0594943 0.085944 
-0.238994 0.465419 
-0.237278 0.344739 
0.126317 0.263943 
-0.0616141 0.557253 
-0.118546 0.0699049 
0.270527 0.328394 
-0.377952 0.585013 
0.183271 0.479693 
-0.538828 0.0164028 
-0.740973 0.222421 
0.146206 0.74405 
-0.125114 0.354464 
-0.390659 0.351959 
-0.00746541 0.651841 
0.799917 0.17762 
-0.431333 0.257361 
0.0611406 0.636744 
-0.120644 0.698612 
0.25187 0.582928 
-0.391969 0.390735 
-0.026092 0.677278 
0.0162703 0.790885 
-0.337241 0.286485 
-0.609528 0.106928 
0.396839 0.494066 
0.417749 0.0756843 
0.302206 0.16317 
0.67341 0.0474856 
-0.14602 0.623951 
-0.479741 0.158717 
0.494259 0.122239 
0.441837 0.436385 
-0.478953 0.494615 
0.399354 0.00114172 
-0.621188 0.185507 
0.488827 0.247264 
-0.846119 0.155867 
-0.536153 0.187393 
0.153682 0.744572 
-0.868101 0.0920102 
-0.0227209 0.411155 
-0.324153 0.214515 
0.358037 0.123879 
1.0041 0.0221858 
-0.515473 0.182826 
-0.194639 0.714851 
-0.703585 0.0224085 
-0.842804 0.0446841 
-0.0773753 0.0721237 
0.149205 0.228844 
-0.0793672 0.0199899 
-0.382089 0.446968 
0.409112 0.45467 
-0.98218 0.0956204 
0.689422 0.18463 
0.426646 0.158977 
0.0499966 0.402577 
0.362231 0.0134751 
0.121404 0.649392 
0.543853 0.140534 
-0.450936 0.336832 
-0.0466264 0.421471 
-0.309055 0.0925663 
0.954264 0.121747 
0.339147 0.0156254 
-0.275025 0.363084 
-0.116391 0.452968 
-0.301024 0.647122 
-0.433011 0.499129 
1.43208 0.0115929 
0.140095 0.231115 
0.075964 0.113401 
-0.20158 0.243245 
-0.042588 0.139562 
0.0234553 0.209902 
-1.35636 0.00507132 
0.504024 0.419484 
-1.10618 0.0612026 
0.518074 0.302783 
-0.0914859 0.769864 
0.274201 0.337941 
0.709434 0.185379 
0.0404221 0.396564 
0.00328568 0.443507 
0.177913 0.210764 
-0.426718 0.304705 
0.747693 0.183727 
-0.514031 0.123875 
0.0675878 0.747424 
0.133452 0.752529 
-0.501331 0.464027 
-0.284684 0.095346 
0.424162 0.502034 
-0.688798 0.165972 
-0.143024 0.352252 
-0.966 0.0108558 
-0.418516 0.501712 
0.351001 0.449437 
-0.951793 0.0774276 
-1.04815 0.0755004 
-0.219772 0.181149 
-0.551557 0.121658 
-0.519267 0.0988502 
-0.160802 0.229492 
0.699036 0.142012 
0.309954 0.0136795 
-0.201948 0.323287 
-0.161892 0.735211 
0.29661 0.0351073 
0.349981 0.0577224 
-0.265702 0.193629 
-1.32522 0.0128275 
1.64835 0.000704139 
-0.067862 0.14461 
0.718264 0.0532503 
0.253154 0.236463 
0.65538 0.0782154 
0.249638 0.699462 
1.22086 0.0372957 
0.484103 0.0316132 
0.18191 0.550253 
-0.539167 0.415132 
-0.726238 0.0966629 
-0.373316 0.203003 
0.450011 0.509861 
-0.262458 0.18506 
-0.203928 0.506491 
-0.105169 0.256554 
0.317771 0.17759 
-0.00633984 0.536742 
0.0309558 0.265951 
0.594374 0.211974 
-0.0424303 0.381493 
-0.379607 0.0309926 
0.244895 0.00492815 
-0.670626 0.0899911 
0.387843 0.0200656 
0.930718 0.00523584 
-0.215885 0.373 
-0.28789 0.326833 
0.54089 0.118857 
-0.289215 0.583856 
-0.59836 0.35925 
0.508225 0.0480725 
-0.161455 0.57486 
-0.459587 0.398033 
-0.210168 0.0931519 
-0.000795708 0.791123 
-0.622697 0.0334892 
-0.0711705 0.590778 
0.219507 0.610743 
-0.0438604 0.30885 
-0.445066 0.524583 
0.638217 0.344798 
0.0221735 0.374435 
-0.62496 0.159981 
0.278955 0.563298 
0.492975 0.350593 
0.181683 0.421959 
0.421589 0.508914 
0.114274 0.357135 
-0.456364 0.263222 
0.635303 0.186847 
0.854518 0.110535 
-0.219363 0.183556 
0.817175 0.070369 
0.990003 0.0558863 
0.554045 0.218599 
-0.142398 0.44185 
-0.122871 0.577972 
-0.579123 0.334617 
-0.199118 0.277545 
0.586525 0.106254 
0.182949 0.141539 
0.0945722 0.521702 
-0.691711 0.222864 
0.276527 0.574836 
-0.607018 0.215385 
-0.264382 0.402709 
-0.206381 0.0101458 
0.0928098 0.278977 
-0.00525095 0.166196 
-0.13998 0.380827 
-0.468291 0.403865 
0.449309 0.38128 
0.308855 0.389838 
0.479528 0.113055 
0.654348 0.220051 
-0.0414322 0.382027 
0.125921 0.346588 
-1.08534 0.0502244 
-0.194528 0.435374 
0.0805912 0.460266 
1.06492 0.00511273 
-0.335019 0.144777 
-0.943413 0.0470397 
0.227929 0.464966 
0.0704875 0.670424 
-1.03486 0.0162046 
-0.0294067 0.201344 
-0.392378 0.499538 
0.0283104 0.659966 
-0.582125 0.392775 
-0.0904354 0.610824 
-0.318964 0.38887 
1.34475 0.0088049 
-0.425312 0.517348 
-0.172499 0.188919 
-0.352316 0.213067 
-0.395237 0.255726 
0.388282 0.346783 
0.00227355 0.403811 
-0.578895 0.124195 
0.237579 0.0654055 
0.110552 0.706916 
-0.643745 0.161323 
-0.279297 0.597563 
-0.695865 0.126082 
-0.0714683 0.729131 
0.312064 0.453399 
0.177461 0.662972 
-0.0292404 0.5431 
-0.0439222 0.485869 
-0.275586 0.402262 
0.696698 0.208198 
0.542636 0.268706 
0.271174 0.409942 
0.38982 0.176488 
-0.26315 0.389032 
0.140683 0.239976 
0.382919 0.251836 
-0.0941011 0.435657 
-0.61418 0.371168 
-0.443676 0.462964 
-0.0684859 0.730592 
-0.329927 0.0184816 
-0.637571 0.30198 
0.156475 0.507686 
0.24999 0.467973 
-0.0712126 0.66519 
0.339527 0.53739 
-0.342279 0.455151 
-0.0590222 0.188471 
-0.394667 0.164881 
-0.487191 0.191441 
0.0165691 0.427933 
0.743573 0.223497 
-0.71752 0.265532 
-0.339885 0.111237 
-0.432817 0.463328 
-0.705339 0.0599654 
0.318173 0.496613 
1.1118 0.0311306 
-0.373884 0.568555 
-0.144637 0.0614233 
0.219311 0.364285 
0.132925 0.679335 
-0.550376 0.0513163 
0.468005 0.456569 
0.234112 0.22275 
0.628894 0.133121 
0.635562 0.0592417 
0.170789 0.491605 
-0.523842 0.062697 
0.500237 0.424466 
0.982199 0.0451399 
0.310137 0.336912 
0.469643 0.152384 
-0.406173 0.0303007 
0.645757 0.276018 
-0.390984 0.142226 
0.408329 0.352363 
0.29488 0.369276 
-0.505718 0.0312631 
-0.531956 0.344408 
0.447847 0.337596 
-0.514115 0.269207 
-0.270903 0.368007 
1.39039 0.0046569 
-0.705669 0.229265 
-0.721419 0.117688 
-0.147975 0.454847 
0.0233965 0.0306617 
-0.291044 0.478287 
0.0619834 0.677123 
0.669046 0.291546 
0.516259 0.234208 
0.402476 0.381914 
-0.425683 0.293032 
0.184612 0.531624 
-0.322129 0.242454 
0.384931 0.350176 
0.810907 0.038862 
-0.0717317 0.00818919 
-0.558532 0.418099 
-0.522625 0.219641 
-0.347466 0.165712 
-0.0616284 0.0243126 
0.679407 0.0537082 
0.258711 0.162783 
-0.116609 0.320818 
-0.549699 0.195328 
-0.283906 0.54744 
0.126142 0.747422 
-0.192289 0.467108 
-0.116215 0.611561 
-0.111429 0.702247 
-0.453265 0.334914 
-0.143489 0.747084 
0.173657 0.31493 
0.142063 0.0604128 
-0.0345758 0.268323 
0.671885 0.288311 
0.257726 0.664252 
1.03692 0.0774988 
-0.617903 0.139386 
-0.827302 0.133686 
-0.215702 0.708744 
0.356615 0.271599 
-0.531776 0.448146 
-0.818425 0.164671 
1.37041 0.00767397 
0.801572 0.0327776 
-0.563006 0.00801549 
-1.00464 0.0334887 
0.126605 0.168486 
0.809238 0.0500479 
-0.117362 0.720866 
-0.774301 0.149152 
-0.282074 0.0371614 
0.460106 0.234673 
-0.156249 0.115289 
-0.150416 0.525269 
0.773042 0.159 
-0.611183 0.138416 
-1.06595 0.0403045 
-0.544361 0.119835 
0.49381 0.419937 
0.15255 0.284553 
1.06481 0.0304233 
-0.0251818 0.541708 
0.125975 0.38937 
-1.09252 0.0409787 
-0.282099 0.248887 
1.17648 0.0419393 
0.212421 0.152064 
-0.151885 0.559045 
-0.214006 0.57492 
-0.562098 0.10722 
-0.546029 0.00711916 
-0.655151 0.299544 
-0.783504 0.0299749 
-0.198715 0.0752912 
-1.12865 0.000660928 
0.820297 0.0596131 
-0.744937 0.136906 
0.060772 0.0986151 
-0.619428 0.0328491 
0.343322 0.0208274 
0.126754 0.56849 
-0.00140245 0.596462 
-0.302056 0.0818888 
0.0997686 0.478509 
-0.761744 0.213472 
1.08127 0.0127385 
0.37891 0.172207 
0.499766 0.367485 
-0.253271 0.0232868 
0.178716 0.689245 
-0.143254 0.705208 
-0.277493 0.126154 
0.32005 0.535561 
0.136707 0.0100342 
-0.471743 0.283731 
-0.174371 0.0877662 
0.0714965 0.248502 
0.0188448 0.250789 
0.406902 0.322091 
-0.372381 0.339269 
-0.319754 0.334435 
0.351146 0.595635 
-0.134433 0.0240288 
-0.557059 0.00115684 
0.282437 0.340986 
-0.100839 0.663384 
-0.13029 0.553076 
0.473487 0.0580805 
-0.527492 0.0808264 
0.427368 0.0554886 
0.445091 0.395927 
0.641092 0.1554 
0.276978 0.392971 
-0.35673 0.190339 
-0.357871 0.47244 
-0.668738 0.149368 
0.117271 0.474427 
-0.641983 0.00355891 
-0.291853 0.193414 
-0.743442 0.00487295 
-0.00313613 0.249601 
-0.266527 0.51263 
0.399568 0.251168 
-0.679547 0.226359 
-0.0292429 0.587059 
-0.891279 0.156669 
0.273438 0.433207 
0.908402 0.0787196 
0.941215 0.0930894 
-0.269243 0.236605 
-0.258245 0.0968482 
0.0244423 0.0881259 
-0.265824 0.410077 
0.503797 0.45139 
0.456447 0.0631767 
0.788636 0.110161 
-0.178993 0.612244 
-0.0947166 0.532285 
-0.750054 0.14817 
0.0849116 0.29013 
0.406346 0.121509 
-0.0914272 0.25832 
0.332119 0.0564098 
-0.281421 0.438216 
-0.242844 0.455628 
0.646235 0.161399 
0.00786229 0.197667 
-0.505141 0.334822 
0.310946 0.159949 
-0.579745 0.330168 
-0.0189239 0.265847 
0.0194897 0.21786 
0.981383 0.0912308 
0.229732 0.550247 
0.0197294 0.449486 
-0.686877 0.243786 
0.438599 0.292602 
0.235385 0.116997 
-0.445939 0.0979644 
0.735466 0.0888002 
0.595817 0.224779 
-0.301804 0.600918 
-0.32456 0.416306 
-0.254183 0.32999 
0.530928 0.153969 
-0.151716 0.513943 
1.01693 0.014123 
0.509899 0.349677 
0.592411 0.182436 
-0.483589 0.212397 
0.457225 0.521076 
-0.245983 0.467702 
0.270629 0.564759 
0.773256 0.229682 
-0.43427 0.275716 
0.464213 0.516982 
0.222136 0.489629 
-0.675381 0.228928 
-0.177436 0.00961224 
-0.176754 0.417707 
0.633875 0.0321498 
-0.431195 0.0337481 
0.308574 0.357813 
0.672452 0.0594131 
0.20593 0.709809 
-0.247467 0.697633 
0.219027 0.307437 
0.483473 0.0754705 
0.55329 0.109798 
-0.146389 0.325186 
0.810837 0.178451 
0.658364 0.261968 
-0.498609 0.429465 
-0.322272 0.484874 
0.297585 0.207269 
0.12312 0.167854 
-0.0334019 0.786828 
0.613524 0.155094 
-0.436568 0.358258 
-0.796942 0.020654 
0.638414 0.194306 
-0.709228 0.10303 
-0.259256 0.517031 
-0.400797 0.561229 
-0.130017 0.401045 
-0.122907 0.376806 
-0.410706 0.254499 
-0.613956 0.0691266 
-0.135332 0.707122 
-0.483487 0.199433 
0.23135 0.0832232 
0.284085 0.403468 
-0.274926 0.64885 
0.818082 0.0251298 
-0.443539 0.366024 
-0.714039 0.155009 
0.583458 0.00953307 
-0.98987 0.0492732 
-0.127725 0.668456 
-0.138518 0.716542 
-0.513499 0.201147 
-1.03888 0.0541106 
0.0115067 0.504447 
-0.214748 0.194438 
-0.0759196 0.640869 
-0.165599 0.0322779 
-0.530321 0.192269 
-0.519485 0.36777 
0.0863568 0.0420868 
-0.140492 0.165762 
-0.295812 0.465313 
-0.567084 0.0023156 
-1.04136 0.0309572 
0.325917 0.612534 
0.602101 0.30679 
-0.914114 0.0898667 
0.245022 0.494086 
-0.0444803 0.353279 
-0.0544619 0.68058 
-0.451125 0.507899 
-0.143776 0.401615 
-0.18227 0.540104 
-0.183858 0.417906 
0.267599 0.400566 
0.149526 0.597307 
-0.301921 0.649714 
0.290806 0.61558 
-0.283671 0.150436 
-0.397258 0.572048 
0.419154 0.52233 
0.642985 0.301236 
0.365541 0.398113 
-0.043369 0.628976 
-0.0766528 0.660204 
-0.25005 0.24218 
-0.182837 0.0239588 
-0.0313812 0.157343 
0.396466 0.190082 
-0.462018 0.402232 
0.652762 0.249268 
0.211247 0.15018 
-0.12568 0.742739 
-0.603759 0.342123 
0.873989 0.0752087 
0.563771 0.292217 
-0.360256 0.523056 
0.111126 0.0841093 
0.11837 0.69747 
0.694247 0.230961 
0.164986 0.502094 
0.350166 0.0876762 
-0.1397 0.757714 
-0.380759 0.0743319 
-0.0925177 0.400022 
-0.526936 0.164348 
0.454009 0.0583672 
-0.376687 0.246524 
-0.360023 0.604123 
0.0885867 0.66926 
0.290025 0.245256 
0.309289 0.513449 
0.156202 0.278826 
-0.598583 0.0857426 
1.2153 0.00589392 
-0.652937 0.307144 
-0.31109 0.0371962 
0.637891 0.157474 
-0.0333544 0.440562 
0.146523 0.599073 
-0.342101 0.542481 
-0.0508165 0.311807 
-0.395106 0.247468 
-0.420058 0.0220252 
0.145589 0.587922 
0.0595411 0.119045 
0.0457385 0.153327 
-0.452749 0.262325 
-0.673714 0.0728731 
0.191205 0.522222 
-0.100217 0.0179043 
-0.192905 0.656251 
-0.308844 0.314323 
0.447571 0.275337 
0.671931 0.276307 
0.192225 0.42054 
-0.786536 0.0960147 
-0.704469 0.0302003 
0.175256 0.270643 
-0.756928 0.138037 
-0.058606 0.128719 
-0.442077 0.130457 
-0.510926 0.163897 
0.103679 0.500096 
0.245384 0.219509 
0.112603 0.613456 
-0.305354 0.296428 
0.228423 0.357657 
-0.258805 0.498106 
0.843116 0.128419 
0.445743 0.500716 
-0.0105257 0.26236 
0.424021 0.205244 
0.0199589 0.0196973 
-0.046273 0.0491098 
-0.443999 0.48201 
0.17161 0.551443 
0.0440657 0.731615 
-0.752643 0.13256 
0.929492 0.0505123 
-0.495689 0.0797175 
0.24704 0.3833 
-0.152617 0.207249 
-0.810185 0.170006 
0.512468 0.00515706 
0.233326 0.550766 
0.502332 0.382906 
0.0252483 0.448718 
0.297034 0.198193 
-0.66418 0.239377 
-0.613987 0.0838719 
-0.166837 0.685677 
0.141269 0.675087 
-0.35543 0.0436507 
-1.12562 0.0595451 
0.385184 0.156626 
0.224453 0.157904 
-0.0794056 0.467875 
0.422951 0.223354 
1.51924 0.00781597 
-0.212736 0.526429 
-0.79052 0.0723994 
0.209838 0.260318 
-0.443401 0.503271 
-0.577078 0.212473 
0.0972115 0.340727 
-0.68776 0.247223 
-0.0327437 0.315428 
-0.448033 0.412283 
0.741942 0.0193962 
0.667387 0.108692 
-0.471759 0.026383 
0.532051 0.353449 
-0.29431 0.0768364 
0.437738 0.178663 
0.0960692 0.619675 
0.665548 0.0386256 
0.202165 0.702459 
-0.790145 0.0516048 
0.650979 0.282126 
0.371592 0.227375 
0.631941 0.327504 
-0.639261 0.155178 
-0.0551809 0.204378 
0.910736 0.0480815 
0.0226445 0.779968 
0.832516 0.167268 
0.310699 0.46419 
0.255466 0.492726 
1.03625 0.0205428 
-0.153771 0.588441 
0.270884 0.471198 
-0.157385 0.523153 
0.61973 0.040761 
-1.28445 0.000595252 
0.703258 0.276796 
-1.01709 0.0513736 
-0.159675 0.527605 
-0.453713 0.522119 
-0.890911 0.107028 
0.201173 0.536896 
-0.351557 0.372987 
-0.348402 0.23836 
0.273496 0.489865 
-0.0563766 0.546369 
-0.321472 0.000496288 
-0.179147 0.697127 
-0.396639 0.490766 
0.135409 0.684197 
0.277168 0.680364 
-0.485696 0.273875 
0.113059 0.200507 
-0.168014 0.419041 
0.0977614 0.41115 
-0.870137 0.168094 
0.259665 0.48617 
-0.104686 0.113839 
0.491897 0.26922 
0.747284 0.248421 
-0.786859 0.0308716 
-1.36531 0.00467573 
0.107531 0.290159 
-0.515575 0.261609 
-0.124444 0.0913434 
-0.192429 0.191646 
-0.321981 0.063041 
0.924786 0.0528677 
-0.289721 0.221883 
0.152921 0.303969 
0.122398 0.761311 
0.0173469 0.160202 
-0.271292 0.22545 
-0.187527 0.367539 
0.139474 0.487746 
0.109613 0.509139 
-0.357555 0.159368 
0.648078 9.3479e-05 
-0.0598177 0.744965 
-0.152082 0.480051 
0.382252 0.23462 
0.746275 0.026042 
-0.237083 0.513183 
0.490791 0.312946 
0.819033 0.0265645 
0.805226 0.141491 
-0.084449 0.0513676 
0.0347497 0.787088 
-0.8901 0.0287217 
-0.962706 0.0474372 
0.222951 0.678046 
-0.547197 0.334156 
-0.962406 0.124397 
0.324424 0.536637 
-0.59043 0.0231251 
-1.17372 0.0268749 
0.163706 0.737478 
-0.291857 0.440756 
0.716704 0.0499109 
-0.0109365 0.294083 
0.128797 0.537814 
0.694787 0.0740992 
-0.105146 0.154775 
0.956526 0.0978998 
0.545563 0.424421 
0.426123 0.0329786 
0.279642 0.510339 
0.464387 0.218042 
1.22475 0.0157738 
-0.430098 0.303151 
0.427588 0.365744 
-0.0708194 0.203004 
-0.382005 0.476727 
0.63226 0.0676833 
0.733855 0.18896 
-0.00984772 0.756116 
-0.304356 0.618625 
0.0238771 0.465323 
-0.845187 0.131475 
-0.74331 0.0613818 
0.0872292 0.42768 
-0.20013 0.597405 
0.271406 0.174946 
0.283001 0.466137 
0.475143 0.463353 
-0.650655 0.112396 
0.729977 0.0525099 
0.0508048 0.548181 
-0.336531 0.224679 
0.624919 0.162799 
-0.523154 0.19 
-0.0242631 0.469474 
-0.372255 0.157194 
-0.444805 0.107117 
-0.184823 0.711416 
0.0114056 0.146741 
0.604034 0.376164 
0.311034 0.022483 
0.0107234 0.09352 
-0.319864 0.50873 
-0.141927 0.705023 
0.748078 0.154981 
-0.918523 0.0718134 
-0.35813 0.299318 
-0.717684 0.218564 
0.4162 0.484084 
-0.0354525 0.212432 
0.257716 0.142637 
-0.501362 0.0589676 
-0.0543155 0.467655 
0.142579 0.225839 
0.675357 0.201031 
-0.320816 0.362215 
-0.666377 0.189924 
0.723244 0.00419955 
-0.296799 0.0427927 
-0.827935 0.0290742 
0.414538 0.239221 
-0.282045 0.326608 
0.0898049 0.724063 
-0.468776 0.248932 
-0.469063 0.235932 
0.545218 0.0766367 
-0.733217 0.0180261 
-0.182061 0.0838412 
0.73924 0.113521 
0.172295 0.711723 
-0.694585 0.297854 
-0.460247 0.303284 
0.162853 0.643971 
0.00902855 0.209131 
0.29883 0.0073599 
-0.053827 0.32055 
0.111747 0.510374 
0.671592 0.277906 
0.32766 0.620021 
-0.330325 0.517516 
-0.271138 0.319257 
-0.637885 0.113594 
0.0465535 0.244609 
0.133065 0.131193 
-0.554801 0.0956618 
0.103477 0.194624 
-0.0687449 0.359513 
0.0492999 0.73718 
-0.163013 0.0414252 
0.138807 0.741884 
-0.247997 0.00657336 
0.290684 0.442054 
0.519024 0.390332 
0.0106978 0.355774 
0.497223 0.0976584 
0.0181026 0.575909 
0.373386 0.216425 
0.0369386 0.295055 
-0.010265 0.0430234 
0.591618 0.127113 
0.0287976 0.764292 
0.239043 0.130712 
0.516503 0.199478 
-0.0322417 0.791615 
0.774073 0.113181 
-0.487005 0.125481 
-0.518167 0.137017 
-0.9881 0.0887576 
0.18713 0.414687 
-0.541426 0.321688 
-0.708779 0.184151 
-0.96107 0.0863361 
0.124812 0.746601 
0.278628 0.0152183 
-1.43841 0.00595086 
0.810626 0.0324872 
0.513615 0.348054 
0.309089 0.270159 
-0.490215 0.0223253 
1.20851 0.019339 
-0.657547 0.0794154 
0.312614 0.548004 
-0.432533 0.331041 
-0.531078 0.334088 
0.12485 0.149915 
-0.962167 0.0585402 
-0.0324086 0.0469979 
-0.114315 0.168788 
0.209483 0.174617 
-0.0779417 0.605446 
0.221053 0.424014 
0.873463 0.155196 
-0.0154931 0.498528 
-0.60918 0.171155 
-0.451557 0.299902 
-0.37651 0.205114 
-0.905389 0.0224304 
0.242995 0.0509018 
0.477059 0.302358 
0.73274 0.0694783 
0.318292 0.542605 
0.36774 0.140455 
0.13681 0.452444 
0.103132 0.143304 
-0.0472842 0.296208 
0.102026 0.513256 
-0.550695 0.131229 
-0.0301639 0.547171 
0.448341 0.487394 
0.115868 0.415556 
0.57612 0.200068 
-0.510325 0.233573 
-0.399084 0.410946 
-0.527528 0.260729 
0.213211 0.693846 
-0.508164 0.323465 
0.252246 0.241053 
0.746243 0.0764965 
-0.466446 0.0270602 
0.211604 0.0399571 
0.393385 0.459447 
0.0467343 0.250149 
-0.00297237 0.220873 
-0.352923 0.14784 
0.761686 0.0905711 
-0.602813 0.0637149 
-0.763714 0.0491538 
0.52066 0.318417 
0.87839 0.131241 
0.0660499 0.271786 
-0.47053 0.22542 
-0.519876 0.350897 
0.244115 0.296746 
0.677693 0.173969 
0.356505 0.125505 
1.06295 0.0168741 
0.241092 0.149156 
1.16293 0.0253804 
0.228526 0.232743 
-0.256754 0.432869 
0.380948 0.175517 
-0.0101575 0.435863 
-0.081857 0.506025 
-0.791595 0.10653 
0.135049 0.306251 
0.700063 0.109993 
-0.249702 0.435527 
-0.154778 0.199113 
-0.0118755 0.148115 
0.688805 0.0787244 
-0.00713588 0.225403 
0.218068 0.0573267 
0.721285 0.0703326 
0.208702 0.315868 
0.0398067 0.158777 
-0.0087545 0.037703 
-0.140423 0.144724 
0.804534 0.185585 
-0.201023 0.294152 
-0.476375 0.260144 
-0.255482 0.631122 
1.30913 0.0131654 
0.0562646 0.581169 
-0.338689 0.207762 
0.904088 0.00705433 
-1.17781 0.0116162 
-0.248766 0.631291 
-0.45537 0.375861 
-0.317539 0.453893 
-0.610215 0.338353 
1.31168 0.0185874 
0.0958036 0.158966 
0.316288 0.0182618 
0.259978 0.692576 
0.438417 0.228835 
-0.298586 0.200502 
-0.165482 0.343936 
-0.0448016 0.185953 
-0.38539 0.333036 
-0.0766197 0.116642 
-0.653466 0.154998 
-0.900855 0.139425 
0.15914 0.142457 
-0.686506 0.106026 
0.545288 0.056132 
1.07329 0.0177969 
-0.350631 0.220313 
0.383037 0.410359 
0.297082 0.557747 
0.247026 0.124284 
0.593232 0.336241 
0.0555123 0.263652 
0.0340505 0.730316 
0.240659 0.116974 
-0.347755 0.508048 
0.356829 0.333982 
-0.353693 0.593994 
0.0990303 0.0283611 
0.17948 0.463346 
-0.525187 0.457837 
-0.385468 0.238788 
-0.625874 0.33057 
0.923812 0.0105498 
0.00158045 0.0386424 
0.551322 0.104348 
0.18148 0.0496081 
-0.674995 0.285659 
-0.617551 0.14716 
-0.623072 0.164355 
0.00575471 0.110679 
-0.00726282 0.598649 
-0.124915 0.357416 
0.0376059 0.65866 
1.05558 0.0741833 
0.464762 0.0539698 
0.208246 0.0395805 
-0.153065 0.147379 
-0.66312 0.211144 
0.0361019 0.379449 
0.1163 0.630511 
-0.137142 0.0325603 
0.519599 0.400831 
0.771376 0.0264081 
0.0162373 0.0181519 
-0.424308 0.24471 
-0.663096 0.0248402 
-0.00212128 0.476548 
-1.14288 0.00259649 
-0.104044 0.0156244 
-0.561557 0.282239 
0.754051 0.155784 
-0.255552 0.37032 
-0.10238 0.291795 
0.346451 0.499424 
0.286739 0.186065 
-0.172482 0.50558 
0.183453 0.617191 
1.16136 0.0155243 
0.235759 0.479881 
-0.338938 0.304444 
0.237684 0.400696 
0.363815 0.279044 
0.422592 0.142807 
0.0893594 0.581648 
0.485714 0.438643 
-0.565689 0.112151 
0.60557 0.324956 
0.00270054 0.442237 
0.572978 0.116169 
-0.441644 0.140469 
0.4043 0.179876 
0.705848 0.162821 
-0.558229 0.212584 
-0.121643 0.304868 
-0.1004 0.656234 
0.585905 0.322082 
0.45391 0.1647 
-0.566257 0.136759 
-0.201885 0.421189 
-0.0719791 0.584469 
0.244106 0.225026 
-0.296603 0.582402 
0.153456 0.320083 
-0.650015 0.317446 
0.705521 0.0565473 
-0.103779 0.559558 
0.388786 0.204237 
-0.105638 0.207328 
0.270128 0.309433 
-0.454187 0.439446 
-0.2777 0.156337 
0.487264 0.0191041 
1.05902 0.0308394 
-0.516555 0.354788 
0.255434 0.687881 
0.359612 0.509462 
0.519461 0.115835 
-0.98969 0.0801588 
0.201335 0.347831 
-0.481006 0.120968 
0.0636155 0.26464 
0.662096 0.088871 
-0.150667 0.29213 
-0.317829 0.561412 
-0.304977 0.113388 
-0.606265 0.0391617 
0.0731314 0.029962 
0.95923 0.108514 
-0.956569 0.0642962 
0.891284 0.00224455 
0.437197 0.433519 
0.238123 0.355526 
0.0501381 0.5166 
0.143394 0.301657 
0.637285 0.121479 
-0.31445 0.442421 
-0.139351 0.581357 
0.37585 0.252344 
0.663885 0.0448831 
0.267582 0.342099 
-0.305847 0.160285 
-0.247722 0.551638 
0.31954 0.15302 
-0.344359 0.135251 
0.170972 0.169638 
-0.579433 0.296882 
0.656619 0.0560109 
-0.606793 0.0828328 
0.843895 0.0748703 
-0.149516 0.396658 
-0.515131 0.155799 
0.0740197 0.28918 
-0.64894 0.212951 
-0.245761 0.197293 
0.058315 0.391027 
0.433299 0.480042 
0.210688 0.0263224 
-0.0478103 0.12783 
-0.821585 0.0953631 
0.61026 0.0890297 
-0.225569 0.594749 
-0.238505 0.242037 
-0.422663 0.351374 
0.61199 0.0997224 
0.503617 0.157293 
-0.351681 0.556721 
0.693184 0.147111 
0.0386416 0.661405 
-0.0113158 0.667109 
-0.381855 0.11556 
0.949308 0.0204102 
0.237698 0.447587 
-0.20303 0.153541 
0.00706697 0.135206 
-0.114282 0.484936 
0.352932 0.429722 
0.282949 0.135572 
