0 4
1.46059 3.93313
2.85028 3.7431
4.06726 3.47016
5.08925 3.15806
5.9382 2.83579
6.64523 2.51929
7.23808 2.21675
7.73896 1.93211
8.16523 1.66699
8.53045 1.42173
8.84531 1.19594
9.11833 0.988841
9.35635 0.799439
9.56494 0.626638
9.74866 0.469318
9.91128 0.326371
10.0559 0.19673
10.1853 0.0793834
10.3014 -0.0266184
10.4063 -0.122156
10.5016 -0.208042
10.5885 -0.285021
10.6682 -0.353771
10.7418 -0.414906
10.8101 -0.468981
10.8739 -0.516492
10.9337 -0.557881
10.9903 -0.593538
11.0442 -0.623804
11.0957 -0.648976
11.1453 -0.669305
11.1935 -0.685003
11.2404 -0.696241
11.2866 -0.703152
11.3323 -0.705835
11.3778 -0.704352
11.4234 -0.698732
11.4694 -0.688971
11.5161 -0.675033
11.5638 -0.656848
11.6129 -0.634316
11.6636 -0.607302
11.7164 -0.575643
11.7716 -0.539139
11.8296 -0.497559
11.8911 -0.450639
11.9563 -0.398078
12.0261 -0.339542
12.1009 -0.27466
12.1816 -0.203025
12.269 -0.124193
12.364 -0.0376856
12.4678 0.0570151
12.5815 0.16046
12.7067 0.273231
12.845 0.395941
12.9982 0.529224
13.1687 0.673724
13.359 0.830087
13.5722 0.998939
13.8119 1.18085
14.0822 1.37632
14.3884 1.58567
14.7363 1.809
15.1333 2.04606
15.5882 2.29601
16.1118 2.55718
16.7172 2.82657
17.4206 3.09913
18.2412 3.36656
19.201 3.61552
20.3204 3.82498
21.6072 3.96415
23.029 3.99615
24.4854 3.89741
25.8396 3.68297
27.009 3.39704
27.9865 3.08042
28.7984 2.75845
29.4755 2.44478
30.0444 2.14631
30.5258 1.86629
30.9362 1.60597
31.2884 1.36546
31.5924 1.14427
31.8564 0.941538
32.0869 0.756246
32.2891 0.587286
32.4674 0.433536
32.6254 0.293897
32.7661 0.167315
32.8921 0.0527915
33.0054 -0.0506058
33.1078 -0.143741
33.2009 -0.227411
33.286 -0.302344
33.3642 -0.369201
33.4364 -0.428584
33.5035 -0.481031
33.5663 -0.527025
33.6254 -0.566996
33.6812 -0.601322
33.7345 -0.630333
33.7855 -0.654314
33.8347 -0.673508
33.8826 -0.688115
33.9293 -0.698297
33.9753 -0.70418
34.021 -0.705853
34.0664 -0.70337
34.1121 -0.696752
34.1582 -0.685988
34.2052 -0.671032
34.2532 -0.651808
34.3026 -0.628208
34.3538 -0.600089
34.4071 -0.56728
34.463 -0.529574
34.5218 -0.486731
34.5841 -0.438478
34.6504 -0.384507
34.7213 -0.324475
34.7975 -0.258002
34.8797 -0.184672
34.9688 -0.104034
35.0659 -0.0155975
35.1719 0.0811615
35.2883 0.186802
35.4165 0.301915
35.5582 0.427118
35.7154 0.563048
35.8904 0.710352
36.0859 0.869673
36.3052 1.04163
36.5518 1.22677
36.8303 1.42556
37.1459 1.63829
37.5049 1.86498
37.915 2.10525
38.3855 2.3581
38.9275 2.62159
39.555 2.89231
40.2848 3.16455
41.1369 3.42899
42.1335 3.67069
43.2936 3.86638
44.6182 3.98304
46.0602 3.98449
47.5038 3.85481
48.8177 3.61874
49.9395 3.32225
50.8741 3.00255
51.6508 2.68166
52.2996 2.37119
52.8456 2.07698
53.3085 1.80165
53.7038 1.54613
54.0436 1.31035
54.3373 1.09369
54.5926 0.895272
54.8158 0.714023
55.0119 0.548836
55.185 0.398591
55.3386 0.262198
55.4755 0.138614
55.5982 0.0268589
55.7088 -0.0739854
55.8088 -0.164766
55.8999 -0.246264
55.9832 -0.319189
56.0599 -0.38419
56.1308 -0.441851
56.1968 -0.492699
56.2586 -0.537203
56.3168 -0.575779
56.372 -0.608794
56.4247 -0.636566
56.4752 -0.659372
56.5241 -0.677442
56.5717 -0.690967
56.6182 -0.700102
56.6641 -0.704962
56.7097 -0.705629
56.7552 -0.702147
56.8009 -0.694532
56.8472 -0.682761
56.8944 -0.666784
56.9427 -0.646516
56.9925 -0.621839
57.0442 -0.592607
57.0981 -0.558636
57.1546 -0.519714
57.2142 -0.475592
57.2774 -0.42599
57.3448 -0.370589
57.4169 -0.309039
57.4944 -0.240952
57.5783 -0.165902
57.6692 -0.0834291
57.7683 0.00696539
57.8767 0.105814
57.9958 0.213685
58.1271 0.331174
58.2723 0.458905
58.4336 0.597519
58.6133 0.747664
58.8142 0.909978
59.0397 1.08507
59.2936 1.27347
59.5805 1.4756
59.906 1.69171
60.2766 1.92172
60.7003 2.16515
61.1869 2.42079
61.7482 2.68641
62.3987 2.95813
63.156 3.22951
64.041 3.4901
65.0756 3.7232
66.2765 3.90319
67.6364 3.99512
69.0916 3.96497
70.5142 3.80593
71.7842 3.55108
72.8589 3.2462
73.7525 2.92469
74.4957 2.60553
75.1177 2.2986
75.642 2.00878
76.0874 1.7382
76.4683 1.48747
76.7961 1.25637
77.0799 1.04421
77.327 0.850025
77.5432 0.672753
77.7334 0.511272
77.9015 0.364467
78.0508 0.231257
78.1841 0.110614
78.3038 0.00157208
78.4116 -0.0967697
78.5094 -0.185242
78.5984 -0.264609
78.6801 -0.335566
78.7553 -0.398745
78.8249 -0.454717
78.8899 -0.503994
78.9507 -0.547031
79.0082 -0.584234
79.0627 -0.615957
79.1148 -0.642508
79.165 -0.664152
79.2135 -0.681109
79.2607 -0.693563
79.3071 -0.701658
79.3529 -0.705501
79.3984 -0.705164
79.4439 -0.700685
79.4898 -0.692071
79.5363 -0.679292
79.5837 -0.662289
79.6323 -0.640969
79.6826 -0.615209
79.7347 -0.584852
79.7892 -0.549708
79.8465 -0.509556
79.9069 -0.46414
79.9711 -0.41317
80.0395 -0.35632
80.1128 -0.293231
80.1918 -0.223505
80.2773 -0.146709
80.3701 -0.0623728
80.4713 0.03001
80.5822 0.130981
80.7041 0.241115
80.8385 0.361016
80.9874 0.491312
81.1529 0.632647
81.3375 0.785668
81.544 0.951008
81.7759 1.12926
82.0374 1.32094
82.333 1.52643
82.6687 1.74591
83.0514 1.97923
83.4893 2.22574
83.9927 2.48405
84.574 2.75156
85.2486 3.02391
86.0347 3.29384
86.9537 3.54963
88.0274 3.77266
89.2689 3.93488
90.6603 3.99997
92.1209 3.93775
93.5153 3.75146
94.7391 3.48061
95.7677 3.16929
96.6222 2.84704
97.3337 2.53016
97.9301 2.22705
98.4339 1.94174
98.8625 1.67593
99.2297 1.42997
99.5461 1.20352
99.8205 0.995783
100.06 0.805781
100.269 0.632419
100.454 0.474578
100.617 0.331148
100.762 0.20106
100.892 0.0833004
101.009 -0.0230819
101.114 -0.118971
101.209 -0.20518
101.297 -0.282458
101.377 -0.351484
101.45 -0.412876
101.519 -0.467188
101.583 -0.514921
101.643 -0.556516
101.699 -0.592367
101.753 -0.622817
101.805 -0.648162
101.855 -0.668657
101.903 -0.684514
101.95 -0.695905
101.996 -0.702966
102.042 -0.705796
102.087 -0.704458
102.133 -0.698984
102.179 -0.689369
102.225 -0.675579
102.273 -0.657545
102.322 -0.635167
102.373 -0.608315
102.425 -0.576822
102.481 -0.540493
102.539 -0.499097
102.6 -0.45237
102.665 -0.400014
102.735 -0.341695
102.809 -0.277044
102.89 -0.205655
102.977 -0.127086
103.072 -0.0408582
103.175 0.0535436
103.288 0.156669
103.413 0.269101
103.551 0.391448
103.704 0.524346
103.873 0.668438
104.063 0.824372
104.275 0.992771
104.514 1.17422
104.783 1.3692
105.088 1.57805
105.434 1.8009
105.829 2.03748
106.282 2.287
106.803 2.54781
107.405 2.81698
108.105 3.08955
108.921 3.35736
109.875 3.60728
110.989 3.81861
112.27 3.9609
113.689 3.99726
115.146 3.90313
116.506 3.69209
117.682 3.4079
118.666 3.09184
119.483 2.76977
120.165 2.45565
120.737 2.15657
121.221 1.87587
121.634 1.61484
121.988 1.37364
122.294 1.15178
122.559 0.948412
122.791 0.762522
122.994 0.593004
123.173 0.438736
123.331 0.298618
123.473 0.171592
123.599 0.0566589
123.713 -0.047116
123.816 -0.1406
123.909 -0.224591
123.994 -0.29982
124.073 -0.366952
124.145 -0.426589
124.213 -0.479272
124.275 -0.525487
124.335 -0.565664
124.391 -0.600184
124.444 -0.629377
124.495 -0.653532
124.544 -0.672892
124.592 -0.687658
124.639 -0.697994
124.685 -0.704028
124.731 -0.705849
124.776 -0.703513
124.822 -0.697042
124.868 -0.686426
124.915 -0.671621
124.963 -0.652551
125.012 -0.629108
125.063 -0.601154
125.116 -0.568515
125.172 -0.530988
125.231 -0.488333
125.293 -0.440278
125.359 -0.386518
125.43 -0.326708
125.506 -0.260472
125.588 -0.187396
125.677 -0.107027
125.774 -0.0188785
125.879 0.0775732
125.995 0.182886
126.123 0.29765
126.264 0.42248
126.421 0.558015
126.595 0.704902
126.79 0.863782
127.008 1.03527
127.254 1.21994
127.531 1.41824
127.845 1.63046
128.203 1.85666
128.611 2.09646
129.079 2.34889
129.618 2.61205
130.242 2.88259
130.968 3.15491
131.815 3.41985
132.806 3.66271
133.961 3.86057
135.28 3.98071
136.719 3.98677
138.165 3.86158
139.485 3.62853
140.614 3.33345
141.555 3.01412
142.337 2.69302
142.99 2.38206
143.539 2.0872
144.005 1.81117
144.402 1.55494
144.744 1.31845
145.039 1.10113
145.296 0.902077
145.52 0.720233
145.717 0.554491
145.891 0.403731
146.045 0.266862
146.182 0.142838
146.306 0.0306763
146.417 -0.0705427
146.517 -0.161669
146.608 -0.243485
146.692 -0.316705
146.769 -0.381979
146.84 -0.439893
146.906 -0.490976
146.968 -0.535698
147.026 -0.57448
147.082 -0.607687
147.134 -0.635643
147.185 -0.658622
147.234 -0.676858
147.282 -0.690543
147.328 -0.699833
147.374 -0.704845
147.42 -0.705661
147.465 -0.702329
147.511 -0.694862
147.557 -0.683241
147.604 -0.667417
147.652 -0.647305
147.702 -0.62279
147.754 -0.593725
147.808 -0.559929
147.864 -0.521189
147.924 -0.47726
147.987 -0.427861
148.054 -0.372676
148.126 -0.311355
148.203 -0.243512
148.287 -0.168722
148.377 -0.0865256
148.476 0.00357312
148.584 0.102106
148.703 0.20964
148.834 0.32677
148.978 0.45412
149.139 0.592329
149.318 0.742045
149.518 0.903908
149.743 1.07852
149.995 1.26643
150.281 1.46807
150.605 1.68367
150.974 1.91319
151.396 2.15615
151.88 2.41138
152.438 2.67669
153.085 2.94828
153.838 3.21983
154.718 3.48107
155.747 3.71556
156.942 3.89804
158.297 3.99381
159.75 3.96845
161.177 3.81369
162.453 3.56146
163.535 3.2577
164.435 2.93638
165.183 2.61692
165.809 2.30944
166.336 2.01895
166.784 1.74765
167.167 1.4962
167.497 1.2644
167.782 1.05157
168.03 0.856759
168.248 0.678896
168.439 0.516863
168.608 0.369547
168.758 0.235864
168.891 0.114784
169.011 0.00533924
169.12 -0.0933742
169.218 -0.18219
169.307 -0.261873
169.389 -0.333122
169.464 -0.396572
169.534 -0.452795
169.599 -0.502305
169.66 -0.545561
169.718 -0.582968
169.773 -0.614884
169.825 -0.641617
169.875 -0.663434
169.924 -0.680558
169.971 -0.693173
170.017 -0.701423
170.063 -0.705419
170.109 -0.705233
170.154 -0.700905
170.2 -0.692441
170.246 -0.679815
170.294 -0.662967
170.342 -0.641807
170.393 -0.616211
170.445 -0.586025
170.499 -0.551059
170.556 -0.511095
170.616 -0.465876
170.68 -0.415114
170.749 -0.358486
170.822 -0.295632
170.901 -0.226156
170.986 -0.149627
171.078 -0.0655752
171.179 0.0265037
171.29 0.12715
171.411 0.236938
171.545 0.356471
171.694 0.486375
171.858 0.627295
172.042 0.779877
172.248 0.944755
172.479 1.12253
172.739 1.31371
173.033 1.51869
173.367 1.73765
173.748 1.97048
174.184 2.21653
174.685 2.47444
175.263 2.74168
175.934 3.01396
176.716 3.28416
177.629 3.54075
178.697 3.76541
179.932 3.93047
181.319 3.99977
182.78 3.94242
184.179 3.7601
185.41 3.4915
186.445 3.18104
187.306 2.85883
188.022 2.54157
188.622 2.23786
189.129 1.95186
189.56 1.68531
189.929 1.43864
190.247 1.21148
190.523 1.00308
190.764 0.812444
190.974 0.638494
191.159 0.480104
191.323 0.336167
191.469 0.20561
191.6 0.0874167
191.717 -0.0193653
191.822 -0.115623
191.918 -0.202172
192.006 -0.279764
192.086 -0.349081
192.16 -0.410741
192.229 -0.465303
192.293 -0.513268
192.353 -0.555081
192.41 -0.591135
192.464 -0.621777
192.515 -0.647304
192.565 -0.667973
192.613 -0.683996
192.66 -0.695549
192.706 -0.702767
192.752 -0.70575
192.798 -0.704565
192.843 -0.699242
192.889 -0.689781
192.936 -0.676145
192.983 -0.658269
193.032 -0.636054
193.083 -0.609369
193.136 -0.578051
193.191 -0.541905
193.248 -0.5007
193.31 -0.454175
193.375 -0.402033
193.444 -0.343941
193.518 -0.279531
193.599 -0.208399
193.686 -0.130105
193.78 -0.0441692
193.883 0.0499204
193.996 0.152713
194.12 0.264789
194.258 0.386759
194.41 0.519254
194.579 0.662921
194.768 0.818404
194.979 0.986332
195.217 1.16728
195.485 1.36176
195.788 1.5701
196.133 1.79242
196.526 2.02851
196.976 2.27757
197.494 2.53802
198.093 2.80695
198.789 3.07952
199.601 3.34771
200.55 3.5986
201.657 3.81185
202.932 3.95734
204.347 3.99823
205.805 3.90896
207.171 3.70154
208.355 3.41923
209.345 3.10378
210.168 2.78162
210.854 2.46705
211.43 2.16734
211.917 1.88592
212.332 1.62416
212.688 1.38223
212.996 1.15966
213.262 0.95563
213.495 0.769114
213.699 0.59901
213.879 0.444198
214.038 0.303576
214.18 0.176084
214.307 0.0607212
214.421 -0.0434501
214.524 -0.1373
214.618 -0.221628
214.704 -0.297169
214.782 -0.364589
214.855 -0.424493
214.923 -0.477424
214.986 -0.52387
215.045 -0.564263
215.101 -0.598986
215.154 -0.628371
215.206 -0.652708
215.255 -0.672241
215.303 -0.687174
215.35 -0.697673
215.396 -0.703864
215.441 -0.70584
215.487 -0.703658
215.532 -0.697341
215.579 -0.68688
215.625 -0.672232
215.673 -0.653322
215.723 -0.630045
215.774 -0.602262
215.827 -0.569802
215.882 -0.532461
215.941 -0.490002
216.003 -0.442155
216.069 -0.388614
216.14 -0.329037
216.215 -0.263049
216.297 -0.190236
216.386 -0.110149
216.482 -0.0223008
216.587 0.0738303
216.703 0.178801
216.83 0.2932
216.971 0.417643
217.127 0.552765
217.301 0.699215
217.494 0.857635
217.712 1.02864
217.956 1.21281
218.232 1.41059
218.545 1.62229
218.901 1.84797
219.307 2.08727
219.772 2.33926
220.309 2.60207
220.929 2.87242
221.651 3.14481
222.494 3.41026
223.479 3.6543
224.627 3.85438
225.94 3.97811
227.377 3.98896
