4 0
3.93313 0.397758
3.7431 0.763489
3.47016 1.06229
3.15806 1.28808
2.83579 1.45013
2.51929 1.56063
2.21675 1.63035
1.93211 1.66797
1.66699 1.68028
1.42173 1.67262
1.19594 1.64917
0.988841 1.61325
0.799439 1.56752
0.626638 1.5141
0.469318 1.45469
0.326371 1.39068
0.19673 1.32316
0.0793834 1.25305
-0.0266184 1.18106
-0.122156 1.10777
-0.208042 1.03364
-0.285021 0.959023
-0.353771 0.88421
-0.414906 0.809415
-0.468981 0.734799
-0.516492 0.660479
-0.557881 0.586533
-0.593538 0.513009
-0.623804 0.439931
-0.648976 0.367302
-0.669305 0.29511
-0.685003 0.223327
-0.696241 0.15192
-0.703152 0.0808457
-0.705835 0.0100587
-0.704352 -0.0604899
-0.698732 -0.130849
-0.688971 -0.201065
-0.675033 -0.271181
-0.656848 -0.341236
-0.634316 -0.411259
-0.607302 -0.481271
-0.575643 -0.55128
-0.539139 -0.621281
-0.497559 -0.69125
-0.450639 -0.761146
-0.398078 -0.830901
-0.339542 -0.900421
-0.27466 -0.969579
-0.203025 -1.03821
-0.124193 -1.10611
-0.0376856 -1.17301
0.0570151 -1.23859
0.16046 -1.30247
0.273231 -1.36416
0.395941 -1.4231
0.529224 -1.4786
0.673724 -1.52982
0.830087 -1.57579
0.998939 -1.61533
1.18085 -1.64702
1.37632 -1.66918
1.58567 -1.67977
1.809 -1.67635
2.04606 -1.656
2.29601 -1.61517
2.55718 -1.54955
2.82657 -1.45397
3.09913 -1.32221
3.36656 -1.14702
3.61552 -0.920548
3.82498 -0.635979
3.96415 -0.29226
3.99615 0.0962087
3.89741 0.490802
3.68297 0.842409
3.39704 1.12326
3.08042 1.33258
2.75845 1.48109
2.44478 1.58083
2.14631 1.64209
1.86629 1.67303
1.60597 1.68008
1.36546 1.66826
1.14427 1.64153
0.941538 1.60302
0.756246 1.55525
0.587286 1.50024
0.433536 1.43961
0.293897 1.37466
0.167315 1.30644
0.0527915 1.23582
-0.0506058 1.16347
-0.143741 1.08994
-0.227411 1.01565
-0.302344 0.940969
-0.369201 0.866143
-0.428584 0.791379
-0.481031 0.716825
-0.527025 0.64259
-0.566996 0.568743
-0.601322 0.495326
-0.630333 0.422357
-0.654314 0.349835
-0.673508 0.277745
-0.688115 0.206057
-0.698297 0.134734
-0.70418 0.0637343
-0.705853 -0.00699027
-0.70337 -0.0774882
-0.696752 -0.147808
-0.685988 -0.217996
-0.671032 -0.288094
-0.651808 -0.358138
-0.628208 -0.428157
-0.600089 -0.498167
-0.56728 -0.568175
-0.529574 -0.638171
-0.486731 -0.708127
-0.438478 -0.777995
-0.384507 -0.847703
-0.324475 -0.917148
-0.258002 -0.986195
-0.184672 -1.05467
-0.104034 -1.12235
-0.0155975 -1.18897
0.0811615 -1.25418
0.186802 -1.31757
0.301915 -1.37866
0.427118 -1.43683
0.563048 -1.49138
0.710352 -1.54144
0.869673 -1.58597
1.04163 -1.62375
1.22677 -1.65331
1.42556 -1.67287
1.63829 -1.68032
1.86498 -1.67311
2.10525 -1.64817
2.3581 -1.60178
2.62159 -1.52944
2.89231 -1.42574
3.16455 -1.2842
3.42899 -1.09736
3.67069 -0.857385
3.86638 -0.558253
3.98304 -0.201568
3.98449 0.192802
3.85481 0.581179
3.61874 0.917038
3.32225 1.18
3.00255 1.37351
2.68166 1.5092
2.37119 1.59879
2.07698 1.65206
1.80165 1.67671
1.54613 1.67879
1.31035 1.66304
1.09369 1.6332
0.895272 1.59226
0.714023 1.54257
0.548836 1.48607
0.398591 1.42428
0.262198 1.35846
0.138614 1.28959
0.0268589 1.21849
-0.0739854 1.14581
-0.164766 1.07206
-0.246264 0.997656
-0.319189 0.922915
-0.38419 0.848088
-0.441851 0.773363
-0.492699 0.698878
-0.537203 0.624731
-0.575779 0.550985
-0.608794 0.477676
-0.636566 0.404817
-0.659372 0.332401
-0.677442 0.260411
-0.690967 0.188815
-0.700102 0.117575
-0.704962 0.0466464
-0.705629 -0.0240186
-0.702147 -0.0944688
-0.694532 -0.164752
-0.682761 -0.234914
-0.666784 -0.304996
-0.646516 -0.375031
-0.621839 -0.445046
-0.592607 -0.515056
-0.558636 -0.585062
-0.519714 -0.655051
-0.475592 -0.724991
-0.42599 -0.794828
-0.370589 -0.864482
-0.309039 -0.933845
-0.240952 -1.00277
-0.165902 -1.07108
-0.0834291 -1.13853
0.00696539 -1.20484
0.105814 -1.26965
0.213685 -1.33254
0.331174 -1.39298
0.458905 -1.45035
0.597519 -1.5039
0.747664 -1.55272
0.909978 -1.59575
1.08507 -1.63169
1.27347 -1.65901
1.4756 -1.67586
1.69171 -1.68003
1.92172 -1.66885
2.16515 -1.6391
2.42079 -1.58689
2.68641 -1.50753
2.95813 -1.39533
3.22951 -1.24357
3.4901 -1.04462
3.7232 -0.790774
3.90319 -0.477126
3.99512 -0.108592
3.96497 0.28903
3.80593 0.668311
3.55108 0.987279
3.2462 1.23264
2.92469 1.41106
2.60553 1.53462
2.2986 1.61464
2.00878 1.66037
1.7382 1.67908
1.48747 1.67647
1.25637 1.65701
1.04421 1.62424
0.850025 1.58099
0.672753 1.5295
0.511272 1.4716
0.364467 1.40873
0.231257 1.34209
0.110614 1.27262
0.00157208 1.20108
-0.0967697 1.1281
-0.185242 1.05416
-0.264609 0.979646
-0.335566 0.904864
-0.398745 0.830047
-0.454717 0.755369
-0.503994 0.680959
-0.547031 0.606904
-0.584234 0.533262
-0.615957 0.460061
-0.642508 0.38731
-0.664152 0.315
-0.681109 0.243108
-0.693563 0.171602
-0.701658 0.100442
-0.705501 0.0295814
-0.705164 -0.0410269
-0.700685 -0.111432
-0.692071 -0.181682
-0.679292 -0.251821
-0.662289 -0.321888
-0.640969 -0.391916
-0.615209 -0.461928
-0.584852 -0.531937
-0.549708 -0.601941
-0.509556 -0.671921
-0.46414 -0.741842
-0.41317 -0.811643
-0.35632 -0.881238
-0.293231 -0.95051
-0.223505 -1.0193
-0.146709 -1.08743
-0.0623728 -1.15463
0.03001 -1.22062
0.130981 -1.28501
0.241115 -1.34736
0.361016 -1.40712
0.491312 -1.46364
0.632647 -1.51614
0.785668 -1.56367
0.951008 -1.60512
1.12926 -1.63913
1.32094 -1.66411
1.52643 -1.67812
1.74591 -1.67885
1.97923 -1.66351
2.22574 -1.62873
2.48405 -1.57044
2.75156 -1.48371
3.02391 -1.36263
3.29384 -1.20022
3.54963 -0.988704
3.77266 -0.720674
3.93488 -0.392744
3.99997 -0.0138412
3.93775 0.384124
3.75146 0.751739
3.48061 1.05312
3.16929 1.28135
2.84704 1.44542
2.53016 1.55752
2.22705 1.6285
1.94174 1.66711
1.67593 1.68021
1.42997 1.67317
1.20352 1.65021
0.995783 1.61468
0.805781 1.56925
0.632419 1.51606
0.474578 1.45684
0.331148 1.39297
0.20106 1.32556
0.0833004 1.25553
-0.0230819 1.1836
-0.118971 1.11034
-0.20518 1.03623
-0.282458 0.961629
-0.351484 0.886819
-0.412876 0.812022
-0.467188 0.737399
-0.514921 0.663068
-0.556516 0.589109
-0.592367 0.515571
-0.622817 0.442479
-0.648162 0.369836
-0.668657 0.29763
-0.684514 0.225835
-0.695905 0.154417
-0.702966 0.0833333
-0.705796 0.0125386
-0.704458 -0.058016
-0.698984 -0.128379
-0.689369 -0.198598
-0.675579 -0.268716
-0.657545 -0.33877
-0.635167 -0.408793
-0.608315 -0.478803
-0.576822 -0.548811
-0.540493 -0.618811
-0.499097 -0.68878
-0.45237 -0.758678
-0.400014 -0.828438
-0.341695 -0.897967
-0.277044 -0.967139
-0.205655 -1.03579
-0.127086 -1.10372
-0.0408582 -1.17066
0.0535436 -1.23629
0.156669 -1.30024
0.269101 -1.36202
0.391448 -1.42106
0.524346 -1.47669
0.668438 -1.52808
0.824372 -1.57426
0.992771 -1.61405
1.17422 -1.64604
1.3692 -1.66856
1.57805 -1.6796
1.8009 -1.67673
2.03748 -1.65704
2.287 -1.617
2.54781 -1.55234
2.81698 -1.45792
3.08955 -1.32756
3.35736 -1.15404
3.60728 -0.929513
3.81861 -0.647071
3.9609 -0.305323
3.99726 0.0820827
3.90313 0.477338
3.69209 0.83113
3.4079 1.11461
3.09184 1.3263
2.76977 1.47674
2.45565 1.57802
2.15657 1.64048
1.87587 1.67238
1.61484 1.68018
1.37364 1.66895
1.15178 1.64268
0.948412 1.60454
0.762522 1.55707
0.593004 1.50228
0.438736 1.44182
0.298618 1.37701
0.171592 1.30889
0.0566589 1.23834
-0.047116 1.16604
-0.1406 1.09254
-0.224591 1.01828
-0.29982 0.943607
-0.366952 0.868783
-0.426589 0.794015
-0.479272 0.719453
-0.525487 0.645206
-0.565664 0.571346
-0.600184 0.497915
-0.629377 0.424932
-0.653532 0.352396
-0.672892 0.280292
-0.687658 0.208591
-0.697994 0.137258
-0.704028 0.0662491
-0.705849 -0.00448286
-0.703513 -0.0749865
-0.697042 -0.14531
-0.686426 -0.2155
-0.671621 -0.285599
-0.652551 -0.355644
-0.629108 -0.425661
-0.601154 -0.49567
-0.568515 -0.565676
-0.530988 -0.635672
-0.488333 -0.705628
-0.440278 -0.7755
-0.386518 -0.845213
-0.326708 -0.914669
-0.260472 -0.983732
-0.187396 -1.05223
-0.107027 -1.11994
-0.0188785 -1.1866
0.0775732 -1.25187
0.182886 -1.31534
0.29765 -1.37651
0.42248 -1.4348
0.558015 -1.48949
0.704902 -1.53972
0.863782 -1.58447
1.03527 -1.62252
1.21994 -1.6524
1.41824 -1.67236
1.63046 -1.68028
1.85666 -1.67365
2.09646 -1.6494
2.34889 -1.60385
2.61205 -1.53253
2.88259 -1.43006
3.15491 -1.28999
3.41985 -1.10491
3.66271 -0.866963
3.86057 -0.569991
3.98071 -0.215164
3.98677 0.178496
3.86158 0.567986
3.62853 0.906266
3.33345 1.17187
3.01412 1.36767
2.69302 1.50521
2.38206 1.59627
2.0872 1.65069
1.81117 1.67625
1.55494 1.67905
1.31845 1.66386
1.10113 1.63447
0.902077 1.59387
0.720233 1.54447
0.554491 1.48818
0.403731 1.42656
0.266862 1.36086
0.142838 1.29209
0.0306763 1.22106
-0.0705427 1.14842
-0.161669 1.07471
-0.243485 1.00032
-0.316705 0.925585
-0.381979 0.850759
-0.439893 0.776028
-0.490976 0.701534
-0.535698 0.627375
-0.57448 0.553616
-0.607687 0.480292
-0.635643 0.407418
-0.658622 0.334988
-0.676858 0.262985
-0.690543 0.191377
-0.699833 0.120126
-0.704845 0.0491885
-0.705661 -0.0214836
-0.702329 -0.0919391
-0.694862 -0.162226
-0.683241 -0.23239
-0.667417 -0.302473
-0.647305 -0.372508
-0.62279 -0.442522
-0.593725 -0.51253
-0.559929 -0.582534
-0.521189 -0.652523
-0.47726 -0.722464
-0.427861 -0.792305
-0.372676 -0.861966
-0.311355 -0.93134
-0.243512 -1.00028
-0.168722 -1.06861
-0.0865256 -1.1361
0.00357312 -1.20246
0.102106 -1.26733
0.20964 -1.33029
0.32677 -1.39083
0.45412 -1.44833
0.592329 -1.50203
0.742045 -1.55104
0.903908 -1.5943
1.07852 -1.63052
1.26643 -1.65818
1.46807 -1.67545
1.68367 -1.68012
1.91319 -1.66954
2.15615 -1.64053
2.41138 -1.58922
2.67669 -1.51093
2.94828 -1.40003
3.21983 -1.24984
3.48107 -1.05273
3.71556 -0.800988
3.89804 -0.489507
3.99381 -0.122663
3.96845 0.274657
3.81369 0.65548
3.56146 0.977038
3.2577 1.22501
2.93638 1.40565
2.61692 1.53098
2.30944 1.6124
2.01895 1.65922
1.74765 1.6788
1.4962 1.67688
1.2644 1.65796
1.05157 1.62562
0.856759 1.5827
0.678896 1.53148
0.516863 1.47378
0.369547 1.41107
0.235864 1.34454
0.114784 1.27516
0.00533924 1.20369
-0.0933742 1.13075
-0.18219 1.05684
-0.261873 0.982342
-0.333122 0.907566
-0.396572 0.832748
-0.452795 0.758063
-0.502305 0.683643
-0.545561 0.609576
-0.582968 0.535919
-0.614884 0.462703
-0.641617 0.389937
-0.663434 0.317613
-0.680558 0.245708
-0.693173 0.17419
-0.701423 0.10302
-0.705419 0.0321508
-0.705233 -0.0384642
-0.700905 -0.108874
-0.692441 -0.179128
-0.679815 -0.249268
-0.662967 -0.319336
-0.641807 -0.389363
-0.616211 -0.459374
-0.586025 -0.529382
-0.551059 -0.599384
-0.511095 -0.669364
-0.465876 -0.739287
-0.415114 -0.809092
-0.358486 -0.878695
-0.295632 -0.94798
-0.226156 -1.01679
-0.149627 -1.08494
-0.0655752 -1.15219
0.0265037 -1.21822
0.12715 -1.28268
0.236938 -1.34511
0.356471 -1.40497
0.486375 -1.46163
0.627295 -1.51429
0.779877 -1.56202
0.944755 -1.60371
1.12253 -1.63802
1.31371 -1.66336
1.51869 -1.67781
1.73765 -1.67907
1.97048 -1.66438
2.21653 -1.63038
2.47444 -1.57303
2.74168 -1.48745
3.01396 -1.36774
3.28416 -1.20698
3.54075 -0.997399
3.76541 -0.73154
3.93047 -0.405753
3.99977 -0.0283097
3.94242 0.369803
3.7601 0.739343
3.4915 1.04342
3.18104 1.27421
2.85883 1.44041
2.54157 1.5542
2.23786 1.62652
1.95186 1.66619
1.68531 1.68011
1.43864 1.67372
1.21148 1.65128
1.00308 1.61616
0.812444 1.57105
0.638494 1.51812
0.480104 1.45909
0.336167 1.39536
0.20561 1.32807
0.0874167 1.25812
-0.0193653 1.18625
-0.115623 1.11303
-0.202172 1.03895
-0.279764 0.964358
-0.349081 0.889553
-0.410741 0.814752
-0.465303 0.740122
-0.513268 0.66578
-0.555081 0.591807
-0.591135 0.518255
-0.621777 0.445148
-0.647304 0.37249
-0.667973 0.300269
-0.683996 0.228462
-0.695549 0.157032
-0.702767 0.0859383
-0.70575 0.0151354
-0.704565 -0.0554256
-0.699242 -0.125793
-0.689781 -0.196015
-0.676145 -0.266134
-0.658269 -0.336189
-0.636054 -0.406211
-0.609369 -0.47622
-0.578051 -0.546226
-0.541905 -0.616225
-0.5007 -0.686195
-0.454175 -0.756095
-0.402033 -0.82586
-0.343941 -0.895398
-0.279531 -0.964585
-0.208399 -1.03326
-0.130105 -1.10121
-0.0441692 -1.1682
0.0499204 -1.23389
0.152713 -1.2979
0.264789 -1.35977
0.386759 -1.41892
0.519254 -1.47469
0.662921 -1.52626
0.818404 -1.57264
0.986332 -1.61269
1.16728 -1.645
1.36176 -1.66791
1.5701 -1.67941
1.79242 -1.67711
2.02851 -1.6581
2.27757 -1.61888
2.53802 -1.55522
2.80695 -1.46201
3.07952 -1.3331
3.34771 -1.16132
3.5986 -0.938818
3.81185 -0.658601
3.95734 -0.318932
3.99823 0.0673086
3.90896 0.463185
3.70154 0.819224
3.41923 1.10546
3.10378 1.31964
2.78162 1.47213
2.46705 1.57502
2.16734 1.63876
1.88592 1.67166
1.62416 1.68025
1.38223 1.66965
1.15966 1.64387
0.95563 1.60613
0.769114 1.55896
0.59901 1.50441
0.444198 1.44414
0.303576 1.37946
0.176084 1.31145
0.0607212 1.24098
-0.0434501 1.16873
-0.1373 1.09527
-0.221628 1.02103
-0.297169 0.946369
-0.364589 0.871547
-0.424493 0.796775
-0.477424 0.722205
-0.52387 0.647946
-0.564263 0.574071
-0.598986 0.500625
-0.628371 0.427627
-0.652708 0.355076
-0.672241 0.282958
-0.687174 0.211245
-0.697673 0.1399
-0.703864 0.0688812
-0.70584 -0.00185864
-0.703658 -0.0723683
-0.697341 -0.142696
-0.68688 -0.212889
-0.672232 -0.282989
-0.653322 -0.353033
-0.630045 -0.42305
-0.602262 -0.493057
-0.569802 -0.563063
-0.532461 -0.633057
-0.490002 -0.703015
-0.442155 -0.772889
-0.388614 -0.842608
-0.329037 -0.912074
-0.263049 -0.981154
-0.190236 -1.04968
-0.110149 -1.11742
-0.0223008 -1.18412
0.0738303 -1.24945
0.178801 -1.31299
0.2932 -1.37426
0.417643 -1.43267
0.552765 -1.48751
0.699215 -1.53792
0.857635 -1.5829
1.02864 -1.62122
1.21281 -1.65144
1.41059 -1.6718
1.62229 -1.68022
1.84797 -1.67418
2.08727 -1.65066
2.33926 -1.60598
2.60207 -1.53572
2.87242 -1.43452
3.14481 -1.29599
3.41026 -1.11274
3.6543 -0.876903
3.85438 -0.58219
3.97811 -0.229332
3.98896 0.163523
3.86852 0.55411
3.63869 0.894893
3.34515 1.16326
3.02623 1.36148
2.70492 1.50098
2.39344 1.59358
2.09791 1.64921
1.82116 1.67573
1.56418 1.67929
1.32696 1.6647
1.10894 1.63578
0.909219 1.59556
0.726751 1.54644
0.560427 1.49038
0.409127 1.42894
0.271758 1.36337
0.147272 1.2947
0.0346843 1.22374
-0.0669278 1.15116
-0.158417 1.07747
-0.240567 1.0031
-0.314097 0.928379
-0.379656 0.853553
-0.437835 0.778818
-0.489165 0.704314
-0.534117 0.630142
-0.573114 0.556368
-0.606524 0.483029
-0.634671 0.410139
-0.657832 0.337695
-0.676241 0.265677
-0.690094 0.194056
-0.699547 0.122795
-0.704718 0.0518478
-0.70569 -0.0188318
