-10 1
-9.975 1.61515
-9.95 2.22024
-9.925 2.81154
-9.9 3.3854
-9.875 3.93833
-9.85 4.46696
-9.825 4.96811
-9.8 5.43878
-9.775 5.87614
-9.75 6.27763
-9.725 6.64088
-9.7 6.96379
-9.675 7.2445
-9.65 7.48143
-9.625 7.67326
-9.6 7.81896
-9.575 7.91776
-9.55 7.96921
-9.525 7.97311
-9.5 7.92957
-9.475 7.83898
-9.45 7.70198
-9.425 7.51952
-9.4 7.29278
-9.375 7.02322
-9.35 6.71252
-9.325 6.36262
-9.3 5.97566
-9.275 5.55397
-9.25 5.1001
-9.225 4.61677
-9.2 4.10682
-9.175 3.57327
-9.15 3.01924
-9.125 2.44795
-9.1 1.8627
-9.075 1.26687
-9.05 0.663845
-9.025 0.0570695
-9 -0.55003
-8.975 -1.15404
-8.95 -1.75158
-8.925 -2.33932
-8.9 -2.91403
-8.875 -3.47254
-8.85 -4.01179
-8.825 -4.52887
-8.8 -5.02098
-8.775 -5.48548
-8.75 -5.91992
-8.725 -6.322
-8.7 -6.68962
-8.675 -7.02089
-8.65 -7.3141
-8.625 -7.56779
-8.6 -7.78071
-8.575 -7.95182
-8.55 -8.08034
-8.525 -8.1657
-8.5 -8.20757
-8.475 -8.20585
-8.45 -8.16069
-8.425 -8.07245
-8.4 -7.94172
-8.375 -7.76932
-8.35 -7.55626
-8.325 -7.30379
-8.3 -7.01333
-8.275 -6.6865
-8.25 -6.32511
-8.225 -5.93111
-8.2 -5.50664
-8.175 -5.05396
-8.15 -4.57546
-8.125 -4.07367
-8.1 -3.55119
-8.075 -3.01075
-8.05 -2.45511
-8.025 -1.88713
-8 -1.30969
-7.975 -0.725693
-7.95 -0.138083
-7.925 0.450214
-7.9 1.03628
-7.875 1.61724
-7.85 2.19024
-7.825 2.7525
-7.8 3.30131
-7.775 3.83403
-7.75 4.34813
-7.725 4.84118
-7.7 5.31086
-7.675 5.755
-7.65 6.17155
-7.625 6.55859
-7.6 6.9144
-7.575 7.23738
-7.55 7.5261
-7.525 7.77933
-7.5 7.99599
-7.475 8.17518
-7.45 8.31619
-7.425 8.41849
-7.4 8.48174
-7.375 8.50578
-7.35 8.49063
-7.325 8.43649
-7.3 8.34374
-7.275 8.21294
-7.25 8.04481
-7.225 7.84023
-7.2 7.60027
-7.175 7.32612
-7.15 7.01912
-7.125 6.68078
-7.1 6.31269
-7.075 5.91659
-7.05 5.49434
-7.025 5.0479
-7 4.57929
-6.975 4.09066
-6.95 3.5842
-6.925 3.06217
-6.9 2.5269
-6.875 1.98072
-6.85 1.42604
-6.825 0.865261
-6.8 0.300785
-6.775 -0.264969
-6.75 -0.829604
-6.725 -1.39074
-6.7 -1.94604
-6.675 -2.49319
-6.65 -3.02994
-6.625 -3.55411
-6.6 -4.06357
-6.575 -4.55627
-6.55 -5.03025
-6.525 -5.48366
-6.5 -5.9147
-6.475 -6.32173
-6.45 -6.70319
-6.425 -7.05763
-6.4 -7.38374
-6.375 -7.68033
-6.35 -7.94633
-6.325 -8.1808
-6.3 -8.38294
-6.275 -8.55209
-6.25 -8.68771
-6.225 -8.7894
-6.2 -8.85691
-6.175 -8.8901
-6.15 -8.889
-6.125 -8.85375
-6.1 -8.78461
-6.075 -8.68199
-6.05 -8.54641
-6.025 -8.37853
-6 -8.17911
-5.975 -7.94903
-5.95 -7.68926
-5.925 -7.40092
-5.9 -7.08517
-5.875 -6.74331
-5.85 -6.37669
-5.825 -5.98676
-5.8 -5.57504
-5.775 -5.14312
-5.75 -4.69264
-5.725 -4.2253
-5.7 -3.74284
-5.675 -3.24705
-5.65 -2.73975
-5.625 -2.22277
-5.6 -1.69798
-5.575 -1.16725
-5.55 -0.632452
-5.525 -0.0954583
-5.5 0.441867
-5.475 0.977675
-5.45 1.51014
-5.425 2.03746
-5.4 2.55788
-5.375 3.06967
-5.35 3.57115
-5.325 4.0607
-5.3 4.53673
-5.275 4.99775
-5.25 5.44229
-5.225 5.86898
-5.2 6.27651
-5.175 6.66365
-5.15 7.02924
-5.125 7.37222
-5.1 7.69159
-5.075 7.98644
-5.05 8.25598
-5.025 8.49946
-5 8.71626
-4.975 8.90582
-4.95 9.0677
-4.925 9.20154
-4.9 9.30706
-4.875 9.38409
-4.85 9.43253
-4.825 9.45238
-4.8 9.44374
-4.775 9.40678
-4.75 9.34174
-4.725 9.24898
-4.7 9.12892
-4.675 8.98204
-4.65 8.80893
-4.625 8.61022
-4.6 8.38662
-4.575 8.13892
-4.55 7.86796
-4.525 7.57462
-4.5 7.25987
-4.475 6.9247
-4.45 6.57016
-4.425 6.19736
-4.4 5.80742
-4.375 5.40151
-4.35 4.98084
-4.325 4.54662
-4.3 4.10012
-4.275 3.6426
-4.25 3.17535
-4.225 2.69966
-4.2 2.21685
-4.175 1.72821
-4.15 1.23507
-4.125 0.738721
-4.1 0.240467
-4.075 -0.258403
-4.05 -0.756617
-4.025 -1.25292
-4 -1.74607
-3.975 -2.23486
-3.95 -2.71809
-3.925 -3.19462
-3.9 -3.66332
-3.875 -4.12309
-3.85 -4.57288
-3.825 -5.01166
-3.8 -5.43847
-3.775 -5.85237
-3.75 -6.25246
-3.725 -6.63791
-3.7 -7.0079
-3.675 -7.36169
-3.65 -7.69858
-3.625 -8.01791
-3.6 -8.31907
-3.575 -8.60153
-3.55 -8.86476
-3.525 -9.10834
-3.5 -9.33185
-3.475 -9.53495
-3.45 -9.71735
-3.425 -9.8788
-3.4 -10.0191
-3.375 -10.1381
-3.35 -10.2358
-3.325 -10.312
-3.3 -10.3668
-3.275 -10.4002
-3.25 -10.4123
-3.225 -10.4033
-3.2 -10.3733
-3.175 -10.3226
-3.15 -10.2513
-3.125 -10.1599
-3.1 -10.0487
-3.075 -9.91802
-3.05 -9.76826
-3.025 -9.59989
-3 -9.41337
-2.975 -9.2092
-2.95 -8.98791
-2.925 -8.75004
-2.9 -8.49619
-2.875 -8.22694
-2.85 -7.9429
-2.825 -7.64472
-2.8 -7.33304
-2.775 -7.00853
-2.75 -6.67187
-2.725 -6.32374
-2.7 -5.96484
-2.675 -5.59587
-2.65 -5.21755
-2.625 -4.83059
-2.6 -4.43571
-2.575 -4.03361
-2.55 -3.62502
-2.525 -3.21066
-2.5 -2.79123
-2.475 -2.36743
-2.45 -1.93998
-2.425 -1.50955
-2.4 -1.07683
-2.375 -0.642501
-2.35 -0.207214
-2.325 0.228379
-2.3 0.663641
-2.275 1.09795
-2.25 1.5307
-2.225 1.9613
-2.2 2.38917
-2.175 2.81376
-2.15 3.23452
-2.125 3.65094
-2.1 4.06252
-2.075 4.46876
-2.05 4.86921
-2.025 5.26342
-2 5.65097
-1.975 6.03146
-1.95 6.40451
-1.925 6.76975
-1.9 7.12685
-1.875 7.47549
-1.85 7.81537
-1.825 8.14622
-1.8 8.46777
-1.775 8.7798
-1.75 9.0821
-1.725 9.37446
-1.7 9.65671
-1.675 9.92871
-1.65 10.1903
-1.625 10.4414
-1.6 10.6819
-1.575 10.9117
-1.55 11.1308
-1.525 11.3391
-1.5 11.5366
-1.475 11.7232
-1.45 11.8991
-1.425 12.0642
-1.4 12.2185
-1.375 12.3622
-1.35 12.4952
-1.325 12.6177
-1.3 12.7297
-1.275 12.8314
-1.25 12.9229
-1.225 13.0043
-1.2 13.0757
-1.175 13.1373
-1.15 13.1893
-1.125 13.2318
-1.1 13.265
-1.075 13.289
-1.05 13.3042
-1.025 13.3106
-1 13.3084
-0.975 13.298
-0.95 13.2795
-0.925 13.2531
-0.9 13.219
-0.875 13.1774
-0.85 13.1287
-0.825 13.073
-0.8 13.0106
-0.775 12.9416
-0.75 12.8664
-0.725 12.7852
-0.7 12.6981
-0.675 12.6055
-0.65 12.5076
-0.625 12.4046
-0.6 12.2968
-0.575 12.1843
-0.55 12.0675
-0.525 11.9465
-0.5 11.8216
-0.475 11.693
-0.45 11.561
-0.425 11.4257
-0.4 11.2873
-0.375 11.1461
-0.35 11.0023
-0.325 10.8561
-0.3 10.7078
-0.275 10.5573
-0.25 10.4051
-0.225 10.2513
-0.2 10.096
-0.175 9.93943
-0.15 9.78179
-0.125 9.62323
-0.1 9.46392
-0.075 9.30402
-0.05 9.14368
-0.025 8.98305
7.48776e-14 8.82229
0.025 8.66152
0.05 8.50089
0.075 8.34053
0.1 8.18055
0.125 8.02109
0.15 7.86225
0.175 7.70415
0.2 7.54689
0.225 7.39057
0.25 7.23529
0.275 7.08115
0.3 6.92822
0.325 6.77659
0.35 6.62633
0.375 6.47752
0.4 6.33023
0.425 6.18453
0.45 6.04046
0.475 5.8981
0.5 5.75748
0.525 5.61867
0.55 5.48169
0.575 5.34661
0.6 5.21344
0.625 5.08223
0.65 4.953
0.675 4.82578
0.7 4.7006
0.725 4.57748
0.75 4.45643
0.775 4.33747
0.8 4.22061
0.825 4.10585
0.85 3.99322
0.875 3.88271
0.9 3.77432
0.925 3.66805
0.95 3.56391
0.975 3.46188
1 3.36196
1.025 3.26414
1.05 3.16841
1.075 3.07476
1.1 2.98317
1.125 2.89364
1.15 2.80614
1.175 2.72066
1.2 2.63718
1.225 2.55567
1.25 2.47612
1.275 2.39851
1.3 2.3228
1.325 2.24899
1.35 2.17703
1.375 2.10692
1.4 2.03861
1.425 1.97209
1.45 1.90732
1.475 1.84428
1.5 1.78294
1.525 1.72328
1.55 1.66525
1.575 1.60884
1.6 1.55401
1.625 1.50074
1.65 1.44899
1.675 1.39874
1.7 1.34995
1.725 1.30259
1.75 1.25664
1.775 1.21206
1.8 1.16883
1.825 1.12691
1.85 1.08628
1.875 1.0469
1.9 1.00875
1.925 0.971802
1.95 0.936019
1.975 0.901378
2 0.867849
2.025 0.835405
2.05 0.804018
2.075 0.773662
2.1 0.744309
2.125 0.715933
2.15 0.688507
2.175 0.662007
2.2 0.636407
2.225 0.611682
2.25 0.587808
2.275 0.56476
2.3 0.542515
2.325 0.521051
2.35 0.500343
2.375 0.48037
2.4 0.461111
2.425 0.442543
2.45 0.424646
2.475 0.407399
2.5 0.390782
2.525 0.374776
2.55 0.359362
2.575 0.34452
2.6 0.330233
2.625 0.316482
2.65 0.303251
2.675 0.290522
2.7 0.278279
2.725 0.266505
2.75 0.255185
2.775 0.244304
2.8 0.233847
2.825 0.223799
2.85 0.214146
2.875 0.204875
2.9 0.195971
2.925 0.187423
2.95 0.179218
2.975 0.171343
3 0.163787
3.025 0.156538
3.05 0.149585
3.075 0.142917
3.1 0.136523
3.125 0.130395
3.15 0.124521
3.175 0.118892
3.2 0.113499
3.225 0.108333
3.25 0.103385
3.275 0.098648
3.3 0.0941124
3.325 0.089771
3.35 0.0856162
3.375 0.0816407
3.4 0.0778373
3.425 0.0741994
3.45 0.0707204
3.475 0.0673939
3.5 0.0642137
3.525 0.0611741
3.55 0.0582692
3.575 0.0554936
3.6 0.0528421
3.625 0.0503094
3.65 0.0478908
3.675 0.0455814
3.7 0.0433767
3.725 0.0412723
3.75 0.0392641
3.775 0.0373479
3.8 0.0355198
3.825 0.0337761
3.85 0.0321131
3.875 0.0305274
3.9 0.0290157
3.925 0.0275747
3.95 0.0262014
3.975 0.0248927
4 0.0236459
4.025 0.0224583
4.05 0.0213271
4.075 0.0202499
4.1 0.0192244
4.125 0.018248
4.15 0.0173188
4.175 0.0164344
4.2 0.015593
4.225 0.0147925
4.25 0.0140311
4.275 0.0133069
4.3 0.0126183
4.325 0.0119636
4.35 0.0113413
4.375 0.0107498
4.4 0.0101877
4.425 0.00965359
4.45 0.00914622
4.475 0.00866428
4.5 0.00820659
4.525 0.00777197
4.55 0.00735935
4.575 0.00696765
4.6 0.00659588
4.625 0.00624308
4.65 0.00590833
4.675 0.00559075
4.7 0.00528952
4.725 0.00500382
4.75 0.0047329
4.775 0.00447604
4.8 0.00423253
4.825 0.00400173
4.85 0.003783
4.875 0.00357573
4.9 0.00337937
4.925 0.00319335
4.95 0.00301717
4.975 0.00285032
5 0.00269234
5.025 0.00254277
5.05 0.00240119
5.075 0.00226719
5.1 0.00214039
5.125 0.00202041
5.15 0.0019069
5.175 0.00179953
5.2 0.00169798
5.225 0.00160195
5.25 0.00151115
5.275 0.00142532
5.3 0.00134418
5.325 0.0012675
5.35 0.00119503
5.375 0.00112657
5.4 0.00106189
5.425 0.00100079
5.45 0.000943088
5.475 0.000888599
5.5 0.000837151
5.525 0.000788582
5.55 0.000742736
5.575 0.000699468
5.6 0.000658637
5.625 0.000620112
5.65 0.000583767
5.675 0.000549485
5.7 0.000517152
5.725 0.000486662
5.75 0.000457913
5.775 0.000430811
5.8 0.000405264
5.825 0.000381186
5.85 0.000358497
5.875 0.000337119
5.9 0.000316979
5.925 0.000298008
5.95 0.00028014
5.975 0.000263315
6 0.000247474
6.025 0.000232561
6.05 0.000218523
6.075 0.000205313
6.1 0.000192882
6.125 0.000181186
6.15 0.000170185
6.175 0.000159837
6.2 0.000150107
6.225 0.000140959
6.25 0.000132359
6.275 0.000124276
6.3 0.000116681
6.325 0.000109546
6.35 0.000102843
6.375 9.65492e-05
6.4 9.06399e-05
6.425 8.50932e-05
6.45 7.98884e-05
6.475 7.50057e-05
6.5 7.04266e-05
6.525 6.61338e-05
6.55 6.21107e-05
6.575 5.83419e-05
6.6 5.4813e-05
6.625 5.15103e-05
6.65 4.84209e-05
6.675 4.55328e-05
6.7 4.28347e-05
6.725 4.0316e-05
6.75 3.79669e-05
6.775 3.5778e-05
6.8 3.37406e-05
6.825 3.18467e-05
6.85 3.00886e-05
6.875 2.84594e-05
6.9 2.69526e-05
6.925 2.5562e-05
6.95 2.42821e-05
6.975 2.31077e-05
7 2.2034e-05
7.025 2.10568e-05
7.05 2.01721e-05
7.075 1.93763e-05
7.1 1.86662e-05
7.125 1.8039e-05
7.15 1.74921e-05
7.175 1.70234e-05
7.2 1.66311e-05
7.225 1.63136e-05
7.25 1.60699e-05
7.275 1.5899e-05
7.3 1.58004e-05
7.325 1.57739e-05
7.35 1.58197e-05
7.375 1.59381e-05
7.4 1.61301e-05
7.425 1.63967e-05
7.45 1.67394e-05
7.475 1.71601e-05
7.5 1.76609e-05
7.525 1.82446e-05
7.55 1.89142e-05
7.575 1.9673e-05
7.6 2.0525e-05
7.625 2.14746e-05
7.65 2.25265e-05
7.675 2.36862e-05
7.7 2.49595e-05
7.725 2.63531e-05
7.75 2.78739e-05
7.775 2.95298e-05
7.8 3.13292e-05
7.825 3.32814e-05
7.85 3.53965e-05
7.875 3.76853e-05
7.9 4.01597e-05
7.925 4.28325e-05
7.95 4.57175e-05
7.975 4.88297e-05
8 5.21855e-05
8.025 5.58023e-05
8.05 5.96991e-05
8.075 6.38964e-05
8.1 6.84164e-05
8.125 7.32828e-05
8.15 7.85216e-05
8.175 8.41605e-05
8.2 9.02296e-05
8.225 9.67614e-05
8.25 0.000103791
8.275 0.000111356
8.3 0.000119497
8.325 0.000128258
8.35 0.000137687
8.375 0.000147834
8.4 0.000158756
8.425 0.000170512
8.45 0.000183166
8.475 0.000196788
8.5 0.000211453
8.525 0.000227241
8.55 0.000244241
8.575 0.000262547
8.6 0.000282261
8.625 0.000303492
8.65 0.00032636
8.675 0.000350994
8.7 0.000377531
8.725 0.000406122
8.75 0.000436929
8.775 0.000470127
8.8 0.000505904
8.825 0.000544465
8.85 0.000586031
8.875 0.00063084
8.9 0.000679149
8.925 0.000731238
8.95 0.000787409
8.975 0.000847986
9 0.000913322
9.025 0.000983798
9.05 0.00105983
9.075 0.00114185
9.1 0.00123036
9.125 0.00132586
9.15 0.00142894
9.175 0.00154018
9.2 0.00166027
9.225 0.0017899
9.25 0.00192987
9.275 0.00208099
9.3 0.00224418
9.325 0.00242043
9.35 0.00261079
9.375 0.00281641
9.4 0.00303854
9.425 0.00327854
9.45 0.00353786
9.475 0.00381808
9.5 0.00412093
9.525 0.00444825
9.55 0.00480208
9.575 0.00518458
9.6 0.00559812
9.625 0.00604527
9.65 0.0065288
9.675 0.00705173
9.7 0.00761733
9.725 0.00822913
9.75 0.00889098
9.775 0.00960703
9.8 0.0103818
9.825 0.0112202
9.85 0.0121276
9.875 0.0131096
9.9 0.0141726
9.925 0.0153233
9.95 0.0165692
9.975 0.0179181
10 0.0193788


-10 1
-9.975 1.63194
-9.95 2.2537
-9.925 2.86145
-9.9 3.45145
-9.875 4.0201
-9.85 4.56393
-9.825 5.07967
-9.8 5.56421
-9.775 6.01467
-9.75 6.42839
-9.725 6.80293
-9.7 7.13613
-9.675 7.42606
-9.65 7.67109
-9.625 7.86985
-9.6 8.02127
-9.575 8.12456
-9.55 8.17923
-9.525 8.18508
-9.5 8.14221
-9.475 8.05099
-9.45 7.91209
-9.425 7.72646
-9.4 7.49532
-9.375 7.22014
-9.35 6.90266
-9.325 6.54484
-9.3 6.14888
-9.275 5.71718
-9.25 5.25233
-9.225 4.75712
-9.2 4.23448
-9.175 3.6875
-9.15 3.11936
-9.125 2.53339
-9.1 1.93297
-9.075 1.32156
-9.05 0.702652
-9.025 0.0797693
-9 -0.543564
-8.975 -1.16384
-8.95 -1.77759
-8.925 -2.38139
-8.9 -2.97191
-8.875 -3.5459
-8.85 -4.10022
-8.825 -4.63186
-8.8 -5.13795
-8.775 -5.61579
-8.75 -6.06282
-8.725 -6.4767
-8.7 -6.85526
-8.675 -7.19655
-8.65 -7.49882
-8.625 -7.76054
-8.6 -7.98043
-8.575 -8.15743
-8.55 -8.29071
-8.525 -8.37968
-8.5 -8.42401
-8.475 -8.42359
-8.45 -8.37854
-8.425 -8.28925
-8.4 -8.15631
-8.375 -7.98054
-8.35 -7.76301
-8.325 -7.50496
-8.3 -7.20786
-8.275 -6.87338
-8.25 -6.50334
-8.225 -6.09977
-8.2 -5.66484
-8.175 -5.20088
-8.15 -4.71035
-8.125 -4.19583
-8.1 -3.66
-8.075 -3.10563
-8.05 -2.5356
-8.025 -1.95281
-8 -1.36022
-7.975 -0.760835
-7.95 -0.157655
-7.925 0.446308
-7.9 1.04806
-7.875 1.64464
-7.85 2.23312
-7.825 2.81065
-7.8 3.37443
-7.775 3.92176
-7.75 4.45003
-7.725 4.95675
-7.7 5.43954
-7.675 5.89615
-7.65 6.32447
-7.625 6.72256
-7.6 7.08861
-7.575 7.42099
-7.55 7.71823
-7.525 7.97906
-7.5 8.20235
-7.475 8.3872
-7.45 8.53287
-7.425 8.6388
-7.4 8.70465
-7.375 8.73024
-7.35 8.71558
-7.325 8.66089
-7.3 8.56655
-7.275 8.43312
-7.25 8.26135
-7.225 8.05214
-7.2 7.80657
-7.175 7.52588
-7.15 7.21143
-7.125 6.86476
-7.1 6.48752
-7.075 6.08149
-7.05 5.64857
-7.025 5.19076
-7 4.71016
-6.975 4.20895
-6.95 3.6894
-6.925 3.15381
-6.9 2.60458
-6.875 2.04412
-6.85 1.47487
-6.825 0.89931
-6.8 0.319912
-6.775 -0.260845
-6.75 -0.840498
-6.725 -1.4166
-6.7 -1.98676
-6.675 -2.54859
-6.65 -3.09979
-6.625 -3.63811
-6.6 -4.16136
-6.575 -4.66745
-6.55 -5.15436
-6.525 -5.62016
-6.5 -6.06305
-6.475 -6.48131
-6.45 -6.87333
-6.425 -7.23765
-6.4 -7.57291
-6.375 -7.87787
-6.35 -8.15145
-6.325 -8.39267
-6.3 -8.60072
-6.275 -8.7749
-6.25 -8.91466
-6.225 -9.01961
-6.2 -9.08946
-6.175 -9.12409
-6.15 -9.12351
-6.125 -9.08786
-6.1 -9.01742
-6.075 -8.9126
-6.05 -8.77394
-6.025 -8.6021
-6 -8.39788
-5.975 -8.16216
-5.95 -7.89595
-5.925 -7.60039
-5.9 -7.27668
-5.875 -6.92614
-5.85 -6.55017
-5.825 -6.15024
-5.8 -5.72793
-5.775 -5.28485
-5.75 -4.8227
-5.725 -4.34322
-5.7 -3.84819
-5.675 -3.33946
-5.65 -2.81888
-5.625 -2.28835
-5.6 -1.74977
-5.575 -1.20507
-5.55 -0.656169
-5.525 -0.104992
-5.5 0.446547
-5.475 0.996551
-5.45 1.54315
-5.425 2.08448
-5.4 2.61875
-5.375 3.14418
-5.35 3.65905
-5.325 4.16169
-5.3 4.65047
-5.275 5.12385
-5.25 5.58034
-5.225 6.01851
-5.2 6.43703
-5.175 6.83464
-5.15 7.21013
-5.125 7.56242
-5.1 7.89048
-5.075 8.1934
-5.05 8.47032
-5.025 8.72051
-5 8.94332
-4.975 9.13817
-4.95 9.30461
-4.925 9.44227
-4.9 9.55086
-4.875 9.6302
-4.85 9.6802
-4.825 9.70085
-4.8 9.69225
-4.775 9.65458
-4.75 9.58809
-4.725 9.49314
-4.7 9.37015
-4.675 9.21964
-4.65 9.04219
-4.625 8.83846
-4.6 8.60918
-4.575 8.35515
-4.55 8.07723
-4.525 7.77634
-4.5 7.45346
-4.475 7.10961
-4.45 6.74588
-4.425 6.36339
-4.4 5.9633
-4.375 5.54681
-4.35 5.11516
-4.325 4.66959
-4.3 4.21141
-4.275 3.7419
-4.25 3.2624
-4.225 2.77423
-4.2 2.27874
-4.175 1.77727
-4.15 1.27115
-4.125 0.761743
-4.1 0.25037
-4.075 -0.261646
-4.05 -0.772994
-4.025 -1.28239
-4 -1.78855
-3.975 -2.29025
-3.95 -2.78625
-3.925 -3.27538
-3.9 -3.75647
-3.875 -4.2284
-3.85 -4.6901
-3.825 -5.14051
-3.8 -5.57863
-3.775 -6.0035
-3.75 -6.4142
-3.725 -6.80988
-3.7 -7.1897
-3.675 -7.55289
-3.65 -7.89873
-3.625 -8.22656
-3.6 -8.53574
-3.575 -8.82573
-3.55 -9.09599
-3.525 -9.34607
-3.5 -9.57556
-3.475 -9.7841
-3.45 -9.97139
-3.425 -10.1372
-3.4 -10.2813
-3.375 -10.4035
-3.35 -10.5038
-3.325 -10.5821
-3.3 -10.6384
-3.275 -10.6728
-3.25 -10.6853
-3.225 -10.6762
-3.2 -10.6455
-3.175 -10.5935
-3.15 -10.5205
-3.125 -10.4268
-3.1 -10.3127
-3.075 -10.1786
-3.05 -10.025
-3.025 -9.85225
-3 -9.66088
-2.975 -9.4514
-2.95 -9.22435
-2.925 -8.98029
-2.9 -8.71981
-2.875 -8.44353
-2.85 -8.15208
-2.825 -7.84611
-2.8 -7.52628
-2.775 -7.19328
-2.75 -6.8478
-2.725 -6.49056
-2.7 -6.12226
-2.675 -5.74363
-2.65 -5.3554
-2.625 -4.9583
-2.6 -4.55306
-2.575 -4.14043
-2.55 -3.72113
-2.525 -3.2959
-2.5 -2.86547
-2.475 -2.43056
-2.45 -1.99189
-2.425 -1.55017
-2.4 -1.1061
-2.375 -0.660376
-2.35 -0.213669
-2.325 0.233352
-2.3 0.680034
-2.275 1.12574
-2.25 1.56984
-2.225 2.01174
-2.2 2.45084
-2.175 2.88656
-2.15 3.31837
-2.125 3.74571
-2.1 4.16809
-2.075 4.58499
-2.05 4.99594
-2.025 5.40049
-2 5.79821
-1.975 6.18868
-1.95 6.57151
-1.925 6.94633
-1.9 7.3128
-1.875 7.67058
-1.85 8.01937
-1.825 8.35889
-1.8 8.68888
-1.775 9.00909
-1.75 9.3193
-1.725 9.61932
-1.7 9.90898
-1.675 10.1881
-1.65 10.4566
-1.625 10.7142
-1.6 10.961
-1.575 11.1969
-1.55 11.4217
-1.525 11.6354
-1.5 11.8381
-1.475 12.0296
-1.45 12.2101
-1.425 12.3795
-1.4 12.5379
-1.375 12.6853
-1.35 12.8218
-1.325 12.9475
-1.3 13.0624
-1.275 13.1668
-1.25 13.2606
-1.225 13.3441
-1.2 13.4174
-1.175 13.4806
-1.15 13.534
-1.125 13.5775
-1.1 13.6116
-1.075 13.6363
-1.05 13.6518
-1.025 13.6584
-1 13.6562
-0.975 13.6455
-0.95 13.6264
-0.925 13.5993
-0.9 13.5643
-0.875 13.5217
-0.85 13.4717
-0.825 13.4145
-0.8 13.3504
-0.775 13.2797
-0.75 13.2025
-0.725 13.1191
-0.7 13.0298
-0.675 12.9347
-0.65 12.8343
-0.625 12.7286
-0.6 12.6179
-0.575 12.5025
-0.55 12.3826
-0.525 12.2584
-0.5 12.1303
-0.475 11.9983
-0.45 11.8628
-0.425 11.7239
-0.4 11.5819
-0.375 11.4371
-0.35 11.2895
-0.325 11.1395
-0.3 10.9872
-0.275 10.8329
-0.25 10.6767
-0.225 10.5188
-0.2 10.3594
-0.175 10.1988
-0.15 10.037
-0.125 9.87431
-0.1 9.71084
-0.075 9.54675
-0.05 9.38222
-0.025 9.2174
0 9.05243
0.025 8.88746
0.05 8.72263
0.075 8.55807
0.1 8.39391
0.125 8.23028
0.15 8.06729
0.175 7.90506
0.2 7.74369
0.225 7.58329
0.25 7.42396
0.275 7.26579
0.3 7.10886
0.325 6.95327
0.35 6.79909
0.375 6.6464
0.4 6.49527
0.425 6.34576
0.45 6.19793
0.475 6.05185
0.5 5.90756
0.525 5.76513
0.55 5.62458
0.575 5.48596
0.6 5.34932
0.625 5.21469
0.65 5.08209
0.675 4.95155
0.7 4.82311
0.725 4.69677
0.75 4.57256
0.775 4.4505
0.8 4.33059
0.825 4.21285
0.85 4.09728
0.875 3.98388
0.9 3.87267
0.925 3.76363
0.95 3.65677
0.975 3.55208
1 3.44955
1.025 3.34919
1.05 3.25096
1.075 3.15487
1.1 3.0609
1.125 2.96903
1.15 2.87926
1.175 2.79155
1.2 2.70589
1.225 2.62226
1.25 2.54063
1.275 2.461
1.3 2.38332
1.325 2.30758
1.35 2.23375
1.375 2.16181
1.4 2.09172
1.425 2.02347
1.45 1.95701
1.475 1.89233
1.5 1.8294
1.525 1.76818
1.55 1.70864
1.575 1.65076
1.6 1.59451
1.625 1.53984
1.65 1.48675
1.675 1.43518
1.7 1.38512
1.725 1.33653
1.75 1.28938
1.775 1.24365
1.8 1.19929
1.825 1.15628
1.85 1.11459
1.875 1.07419
1.9 1.03504
1.925 0.99713
1.95 0.960416
1.975 0.924872
2 0.89047
2.025 0.857181
2.05 0.824977
2.075 0.79383
2.1 0.763712
2.125 0.734597
2.15 0.706458
2.175 0.679267
2.2 0.653001
2.225 0.627632
2.25 0.603135
2.275 0.579487
2.3 0.556663
2.325 0.53464
2.35 0.513393
2.375 0.4929
2.4 0.473138
2.425 0.454087
2.45 0.435724
2.475 0.418027
2.5 0.400978
2.525 0.384555
2.55 0.368739
2.575 0.35351
2.6 0.338851
2.625 0.324742
2.65 0.311166
2.675 0.298105
2.7 0.285543
2.725 0.273463
2.75 0.261848
2.775 0.250683
2.8 0.239953
2.825 0.229643
2.85 0.219739
2.875 0.210226
2.9 0.201091
2.925 0.19232
2.95 0.1839
2.975 0.17582
3 0.168067
3.025 0.160629
3.05 0.153494
3.075 0.146652
3.1 0.140092
3.125 0.133804
3.15 0.127776
3.175 0.122001
3.2 0.116467
3.225 0.111166
3.25 0.10609
3.275 0.101229
3.3 0.0965748
3.325 0.0921201
3.35 0.0878568
3.375 0.0837775
3.4 0.0798748
3.425 0.076142
3.45 0.0725721
3.475 0.0691587
3.5 0.0658954
3.525 0.0627764
3.55 0.0597956
3.575 0.0569475
3.6 0.0542267
3.625 0.0516279
3.65 0.049146
3.675 0.0467763
3.7 0.044514
3.725 0.0423546
3.75 0.0402938
3.775 0.0383275
3.8 0.0364516
3.825 0.0346623
3.85 0.0329558
3.875 0.0313286
3.9 0.0297774
3.925 0.0282987
3.95 0.0268894
3.975 0.0255465
4 0.024267
4.025 0.0230483
4.05 0.0218875
4.075 0.0207821
4.1 0.0197297
4.125 0.0187278
4.15 0.0177742
4.175 0.0168666
4.2 0.0160031
4.225 0.0151816
4.25 0.0144002
4.275 0.0136571
4.3 0.0129504
4.325 0.0122786
4.35 0.0116399
4.375 0.0110329
4.4 0.010456
4.425 0.00990793
4.45 0.00938724
4.475 0.00889265
4.5 0.00842293
4.525 0.0079769
4.55 0.00755344
4.575 0.00715145
4.6 0.00676991
4.625 0.00640783
4.65 0.00606428
4.675 0.00573835
4.7 0.00542919
4.725 0.00513597
4.75 0.00485793
4.775 0.0045943
4.8 0.00434439
4.825 0.00410751
4.85 0.00388301
4.875 0.00367029
4.9 0.00346875
4.925 0.00327783
4.95 0.00309701
4.975 0.00292576
5 0.00276361
5.025 0.0026101
5.05 0.00246478
5.075 0.00232724
5.1 0.00219709
5.125 0.00207394
5.15 0.00195743
5.175 0.00184722
5.2 0.00174299
5.225 0.00164442
5.25 0.00155122
5.275 0.00146312
5.3 0.00137983
5.325 0.00130112
5.35 0.00122673
5.375 0.00115645
5.4 0.00109006
5.425 0.00102734
5.45 0.000968103
5.475 0.000912166
5.5 0.00085935
5.525 0.000809489
5.55 0.000762422
5.575 0.000718001
5.6 0.000676081
5.625 0.000636527
5.65 0.000599212
5.675 0.000564012
5.7 0.000530812
5.725 0.000499504
5.75 0.000469983
5.775 0.000442151
5.8 0.000415915
5.825 0.000391186
5.85 0.000367882
5.875 0.000345923
5.9 0.000325234
5.925 0.000305744
5.95 0.000287386
5.975 0.000270098
6 0.000253817
6.025 0.000238489
6.05 0.000224059
6.075 0.000210476
6.1 0.000197692
6.125 0.000185662
6.15 0.000174342
6.175 0.000163693
6.2 0.000153675
6.225 0.000144253
6.25 0.000135392
6.275 0.00012706
6.3 0.000119227
6.325 0.000111862
6.35 0.00010494
6.375 9.84347e-05
6.4 9.23214e-05
6.425 8.65773e-05
6.45 8.11809e-05
6.475 7.61118e-05
6.5 7.13506e-05
6.525 6.68794e-05
6.55 6.26809e-05
6.575 5.87389e-05
6.6 5.50384e-05
6.625 5.15649e-05
6.65 4.83049e-05
6.675 4.52457e-05
6.7 4.23752e-05
6.725 3.96822e-05
6.75 3.7156e-05
6.775 3.47865e-05
6.8 3.25643e-05
6.825 3.04805e-05
6.85 2.85267e-05
6.875 2.66951e-05
6.9 2.49782e-05
6.925 2.3369e-05
6.95 2.18609e-05
6.975 2.04478e-05
7 1.91238e-05
7.025 1.78835e-05
7.05 1.67217e-05
7.075 1.56336e-05
7.1 1.46147e-05
7.125 1.36606e-05
7.15 1.27673e-05
7.175 1.1931e-05
7.2 1.11483e-05
7.225 1.04157e-05
7.25 9.73021e-06
7.275 9.08877e-06
7.3 8.48866e-06
7.325 7.92727e-06
7.35 7.40218e-06
7.375 6.91109e-06
7.4 6.45186e-06
7.425 6.02247e-06
7.45 5.62102e-06
7.475 5.24575e-06
7.5 4.89499e-06
7.525 4.56717e-06
7.55 4.26083e-06
7.575 3.9746e-06
7.6 3.70718e-06
7.625 3.45737e-06
7.65 3.22404e-06
7.675 3.00613e-06
7.7 2.80263e-06
7.725 2.61262e-06
7.75 2.43523e-06
7.775 2.26963e-06
7.8 2.11506e-06
7.825 1.9708e-06
7.85 1.83618e-06
7.875 1.71057e-06
7.9 1.59338e-06
7.925 1.48406e-06
7.95 1.38208e-06
7.975 1.28698e-06
8 1.19828e-06
8.025 1.11558e-06
8.05 1.03848e-06
8.075 9.66598e-07
8.1 8.99596e-07
8.125 8.37148e-07
8.15 7.78952e-07
8.175 7.24723e-07
8.2 6.74197e-07
8.225 6.27126e-07
8.25 5.8328e-07
8.275 5.4244e-07
8.3 5.04406e-07
8.325 4.68989e-07
8.35 4.36012e-07
8.375 4.05311e-07
8.4 3.76731e-07
8.425 3.50128e-07
8.45 3.2537e-07
8.475 3.0233e-07
8.5 2.80891e-07
8.525 2.60944e-07
8.55 2.42388e-07
8.575 2.25127e-07
8.6 2.09073e-07
8.625 1.94142e-07
8.65 1.80258e-07
8.675 1.67348e-07
8.7 1.55346e-07
8.725 1.44188e-07
8.75 1.33817e-07
8.775 1.24178e-07
8.8 1.15219e-07
8.825 1.06895e-07
8.85 9.91594e-08
8.875 9.19727e-08
8.9 8.52963e-08
8.925 7.90942e-08
8.95 7.33334e-08
8.975 6.79828e-08
9 6.30135e-08
9.025 5.83986e-08
9.05 5.41132e-08
9.075 5.01338e-08
9.1 4.64388e-08
9.125 4.30079e-08
9.15 3.98223e-08
9.175 3.68645e-08
9.2 3.4118e-08
9.225 3.15677e-08
9.25 2.91994e-08
9.275 2.69999e-08
9.3 2.4957e-08
9.325 2.30591e-08
9.35 2.12956e-08
9.375 1.96565e-08
9.4 1.81326e-08
9.425 1.67153e-08
9.45 1.53964e-08
9.475 1.41684e-08
9.5 1.30243e-08
9.525 1.19576e-08
9.55 1.09621e-08
9.575 1.0032e-08
9.6 9.1619e-09
9.625 8.34679e-09
9.65 7.5819e-09
9.675 6.86273e-09
9.7 6.18507e-09
9.725 5.5449e-09
9.75 4.93843e-09
9.775 4.36206e-09
9.8 3.81233e-09
9.825 3.28596e-09
9.85 2.77977e-09
9.875 2.29068e-09
9.9 1.81574e-09
9.925 1.35203e-09
9.95 8.96707e-10
9.975 4.4696e-10
10 0
